target, 180
time_mill, angle
3449, 0
3453, 0
3458, 0
3462, 1
3466, 1
3470, 1
3475, 3
3481, 4
3483, 5
3488, 7
3492, 8
3496, 10
3500, 12
3504, 14
3508, 16
3512, 18
3515, 20
3520, 23
3523, 25
3528, 29
3532, 31
3535, 33
3540, 37
3545, 40
3549, 43
3553, 46
3557, 49
3562, 53
3566, 56
3570, 59
3578, 66
3582, 69
3585, 72
3591, 77
3596, 81
3600, 85
3604, 88
3609, 92
3612, 95
3616, 99
3620, 102
3624, 106
3629, 110
3632, 113
3636, 117
3640, 120
3645, 124
3649, 128
3652, 131
3658, 136
3661, 139
3665, 142
3669, 145
3672, 148
3676, 151
3680, 154
3684, 157
3689, 161
3693, 163
3698, 167
3701, 169
3705, 171
3709, 173
3713, 176
3716, 178
3722, 181
3725, 183
3730, 184
3733, 186
3736, 187
3741, 189
3746, 191
3750, 192
3754, 193
3758, 194
3762, 195
3765, 196
3769, 197
3773, 197
3777, 198
3781, 198
3784, 199
3789, 199
3792, 199
3798, 199
3801, 199
3805, 199
3809, 199
3813, 199
3816, 199
3821, 199
3825, 198
3829, 198
3833, 197
3836, 197
3841, 197
3844, 196
3849, 195
3854, 195
3858, 194
3861, 194
3865, 193
3869, 193
3873, 192
3876, 192
3881, 191
3885, 191
3889, 190
3893, 189
3898, 189
3902, 188
3905, 188
3910, 187
3913, 187
3918, 186
3922, 186
3925, 185
3930, 185
3933, 185
3938, 184
3941, 184
3945, 183
3951, 183
3955, 183
3959, 183
3962, 182
3966, 182
3970, 182
3978, 181
3982, 181
3986, 181
3991, 181
3994, 181
3998, 181
4003, 181
4007, 181
4011, 181
4015, 181
4019, 181
4023, 181
4026, 181
4031, 180
4034, 180
4038, 180
4041, 180
4046, 180
4051, 180
4054, 180
4059, 180
4062, 180
4066, 180
4070, 180
4074, 180
4079, 180
4082, 180
4085, 180
4089, 180
4093, 180
4096, 180
4102, 180
4106, 180
4110, 180
4114, 180
4119, 180
4122, 180
4125, 180
4129, 180
4133, 180
4137, 180
4141, 180
4145, 180
4149, 180
4153, 180
4158, 180
4161, 180
4165, 180
4169, 180
4172, 180
4177, 180
4180, 180
4184, 180
4189, 180
4192, 180
4195, 180
4200, 180
4204, 180
4210, 180
4213, 180
4217, 180
4225, 180
4236, 180
4242, 180
4245, 180
4250, 180
4254, 180
4259, 180
4262, 180
4265, 180
4270, 180
4274, 180
4279, 180
4282, 180
4289, 180
4292, 180
4295, 180
4299, 180
4303, 180
4310, 180
4313, 180
4318, 180
4321, 180
4324, 180
4329, 180
4332, 180
4336, 180
4340, 180
4344, 180
4348, 180
4351, 180
4356, 180
4360, 180
4363, 180
4367, 180
4371, 180
4381, 180
4384, 180
4389, 180
4392, 180
4395, 180
4399, 180
4404, 180
4409, 180
4413, 180
4416, 180
4420, 180
4424, 180
4428, 180
4432, 180
4435, 180
4440, 180
4443, 180
4448, 180
4451, 180
4454, 180
4460, 180
4463, 180
4468, 180
4472, 180
4475, 180
4479, 180
4483, 180
4486, 180
4490, 180
4494, 180
4499, 180
4502, 180
4505, 180
4511, 180
4514, 180
4519, 180
4522, 180
4525, 180
4530, 180
4534, 180
4539, 180
4542, 180
4545, 180
4549, 180
4553, 180
4556, 180
4562, 180
4565, 180
4570, 180
4573, 180
4578, 180
4581, 180
4584, 180
4589, 180
4592, 180
4596, 180
4600, 180
4604, 180
4608, 180
4612, 180
4616, 180
4620, 180
4623, 180
4629, 180
4632, 180
4635, 180
4640, 180
4643, 180
4646, 180
4651, 180
4654, 180
4658, 180
4664, 180
4668, 180
4671, 180
4675, 180
4679, 180
4682, 180
4686, 180
4690, 180
4694, 180
4699, 180
4702, 180
4705, 180
4709, 180
4714, 180
4718, 180
4722, 180
4725, 180
4730, 180
4733, 180
4738, 180
4741, 180
4744, 180
4749, 180
4752, 180
4756, 180
4760, 180
4765, 180
4770, 180
4773, 180
4781, 180
4785, 180
4789, 180
4794, 180
4798, 180
4801, 180
4805, 180
4809, 180
4814, 180
4818, 180
4822, 180
4826, 180
4830, 180
4834, 180
4838, 180
4841, 180
4845, 180
4849, 180
4853, 180
4858, 180
4861, 180
4866, 180
4870, 180
4873, 180
4878, 180
4881, 180
4884, 180
4890, 180
4893, 180
4896, 180
4900, 180
4903, 180
4907, 180
4911, 180
4915, 180
4920, 180
4923, 180
4928, 180
4932, 180
4935, 180
4940, 180
4943, 180
4946, 180
4950, 180
4955, 180
4959, 180
4962, 180
4968, 180
4971, 180
4975, 180
4979, 180
4983, 180
4988, 180
4991, 180
4995, 180
4999, 180
5002, 180
5006, 180
5010, 180
5013, 180
5019, 180
5023, 180
5026, 180
5030, 180
5034, 180
5038, 180
5042, 180
5045, 180
5050, 180
5053, 180
5058, 180
5061, 180
5064, 180
5070, 180
5073, 180
5077, 180
5082, 180
5085, 180
5089, 180
5093, 180
5097, 180
5100, 180
5104, 180
5109, 180
5112, 180
5118, 180
5121, 180
5125, 180
5129, 180
5133, 180
5136, 180
5141, 180
5144, 180
5149, 180
5153, 180
5156, 180
5160, 180
5163, 180
5169, 180
5173, 180
5178, 180
5185, 180
5190, 180
5193, 180
5196, 180
5200, 180
5204, 180
5209, 180
5212, 180
5216, 180
5222, 180
5225, 180
5230, 180
5233, 180
5238, 180
5241, 180
5245, 180
5261, 180
5265, 180
5270, 180
5274, 180
5279, 180
5283, 180
5286, 180
5290, 180
5294, 180
5298, 180
5302, 180
5305, 180
5312, 180
5315, 180
5321, 180
5324, 180
5328, 180
5332, 180
5335, 180
5340, 180
5344, 180
5349, 180
5352, 180
5355, 180
5360, 180
5363, 180
5368, 180
5373, 180
5377, 180
5381, 180
5384, 180
5389, 180
5392, 180
5395, 180
5400, 180
5404, 180
5409, 180
5412, 180
5415, 180
5419, 180
5424, 180
5428, 180
5432, 180
5435, 180
5440, 180
5443, 180
5448, 180
5451, 180
5455, 180
5459, 180
5463, 180
5467, 180
5471, 180
5476, 180
5480, 180
5483, 180
5488, 180
5491, 180
5495, 180
5499, 180
5502, 180
5508, 180
5511, 180
5514, 180
5519, 180
5522, 180
5528, 180
5531, 180
5534, 180
5539, 180
5543, 180
5546, 180
5550, 180
5554, 180
5558, 180
5561, 180
5565, 180
5570, 180
5573, 180
5583, 180
5586, 180
5590, 180
5594, 180
5598, 180
5602, 180
5605, 180
5610, 180
5613, 180
5618, 180
5621, 180
5625, 180
5630, 180
5634, 180
5639, 180
5642, 180
5645, 180
5650, 180
5653, 180
5658, 180
5661, 180
5665, 180
5669, 180
5673, 180
5678, 180
5682, 180
5685, 180
5690, 180
5693, 180
5698, 180
5702, 180
5705, 180
5709, 180
5713, 180
5716, 180
5720, 180
5724, 180
5730, 180
5733, 180
5738, 180
5741, 180
5744, 180
5749, 180
5752, 180
5755, 180
5760, 180
5764, 180
5769, 180
5771, 180
5775, 180
5780, 180
5784, 180
5788, 180
5792, 180
5795, 180
5800, 180
5803, 180
5808, 180
5811, 180
5814, 180
5819, 180
5822, 180
5827, 180
5832, 180
5835, 180
5840, 180
5843, 180
5847, 180
5850, 180
5854, 180
5859, 180
5862, 180
5865, 180
5869, 180
5873, 180
5878, 180
5882, 180
5885, 180
5891, 180
5894, 180
5898, 180
5901, 180
5905, 180
5909, 180
5913, 180
5916, 180
5920, 180
5924, 180
5929, 180
5933, 180
5937, 180
5940, 180
5944, 180
5948, 180
5952, 180
5955, 180
5965, 180
5969, 180
5972, 180
5976, 180
5988, 180
5991, 180
5994, 180
6000, 180
6003, 180
6007, 180
6010, 180
6014, 180
6019, 180
6022, 180
6026, 180
6030, 180
6035, 180
6039, 180
6042, 180
6045, 180
6050, 180
6054, 180
6058, 180
6061, 180
6065, 180
6069, 180
6072, 180
6075, 180
6080, 180
6085, 180
6089, 180
6093, 180
6096, 180
6100, 180
6104, 180
6108, 180
6111, 180
6115, 180
6120, 180
6123, 180
6128, 180
6131, 180
6135, 180
6139, 180
6143, 180
6148, 180
6151, 180
6154, 180
6159, 180
6162, 180
6165, 180
6169, 180
6173, 180
6177, 180
6181, 180
6187, 180
6191, 180
6194, 180
6199, 180
6202, 180
6205, 180
6210, 180
6214, 180
6218, 180
6223, 180
6225, 180
6230, 180
6233, 180
6239, 180
6242, 180
6247, 180
6250, 180
6254, 180
6258, 180
6261, 180
6265, 180
6269, 180
6272, 180
6278, 180
6281, 180
6284, 180
6290, 180
6305, 180
6311, 180
6315, 180
6319, 180
6322, 180
6326, 180
6330, 180
6334, 180
6339, 180
6343, 180
6348, 180
6351, 180
6354, 180
6359, 180
6362, 180
6369, 180
6373, 180
6376, 180
6385, 180
6391, 180
6395, 180
6399, 180
6402, 180
6408, 180
6411, 180
6414, 180
6419, 180
6422, 180
6426, 180
6430, 180
6434, 180
6438, 180
6443, 180
6446, 180
6450, 180
6454, 180
6458, 180
6462, 180
6465, 180
6469, 180
6473, 180
6478, 180
6481, 180
6485, 180
6490, 180
6493, 180
6498, 180
6501, 180
6505, 180
6509, 180
6513, 180
6517, 180
6521, 180
6524, 180
6528, 180
6531, 180
6535, 180
6541, 180
6544, 180
6549, 180
6552, 180
6555, 180
6560, 180
6563, 180
6566, 180
6571, 180
6575, 180
6579, 180
6583, 180
6586, 180
6591, 180
6595, 180
6600, 180
6604, 180
6608, 180
6611, 180
6615, 180
6619, 180
6622, 180
6626, 180
6630, 180
6634, 180
6639, 180
6643, 180
6647, 180
6650, 180
6654, 180
6659, 180
6662, 180
6666, 180
6671, 180
6674, 180
6678, 180
6681, 180
6685, 180
6689, 180
6693, 180
6699, 180
6702, 180
6705, 180
6710, 180
6713, 180
6718, 180
6721, 180
6725, 180
6730, 180
6733, 180
6737, 180
6740, 180
6745, 180
6749, 180
6752, 180
6756, 180
6760, 180
6764, 180
6769, 180
6772, 180
6776, 180
6780, 180
6789, 180
6792, 180
6799, 180
6802, 180
6805, 180
6810, 180
6813, 180
6818, 180
6821, 180
6825, 180
6830, 180
6833, 180
6837, 180
6840, 180
6844, 180
6849, 180
6852, 180
6856, 180
6861, 180
6864, 180
6869, 180
6872, 180
6875, 180
6879, 180
6883, 180
6886, 180
6891, 180
6894, 180
6900, 180
6903, 180
6908, 180
6910, 180
6914, 180
6918, 180
6922, 180
6926, 180
6930, 180
6934, 180
6938, 180
6941, 180
6944, 180
6950, 180
6953, 180
6958, 180
6962, 180
6965, 180
6970, 180
6973, 180
6977, 180
6980, 180
6984, 180
6989, 180
6992, 180
6995, 180
7000, 180
7004, 180
7008, 180
7012, 180
7015, 180
7020, 180
7024, 180
7028, 180
7031, 180
7035, 180
7039, 180
7042, 180
7046, 180
7052, 180
7055, 180
7060, 180
7063, 180
7068, 180
7071, 180
7074, 180
7079, 180
7082, 180
7086, 180
7090, 180
7093, 180
7097, 180
7102, 180
7105, 180
7110, 180
7113, 180
7118, 180
7122, 180
7125, 180
7130, 180
7133, 180
7137, 180
7141, 180
7144, 180
7149, 180
7153, 180
7158, 180
7161, 180
7165, 180
7169, 180
7172, 180
7176, 180
7180, 180
7189, 180
7193, 180
7197, 180
7202, 180
7205, 180
7210, 180
7213, 180
7218, 180
7223, 180
7226, 180
7231, 180
7233, 180
7238, 180
7242, 180
7245, 180
7249, 180
7255, 180
7259, 180
7262, 180
7266, 180
7270, 180
7274, 180
7278, 180
7281, 180
7285, 180
7290, 180
7293, 180
7297, 180
7300, 180
7305, 180
7309, 180
7312, 180
7329, 180
7333, 180
7336, 180
7341, 180
7344, 180
7349, 180
7352, 180
7358, 180
7361, 180
7366, 180
7370, 180
7373, 180
7378, 180
7382, 180
7385, 180
7390, 180
7393, 180
7397, 180
7401, 180
7405, 180
7410, 180
7413, 180
7420, 180
7423, 180
7426, 180
7430, 180
7434, 180
7439, 180
7442, 180
7448, 180
7451, 180
7455, 180
7464, 180
7469, 180
7472, 180
7476, 180
7480, 180
7484, 180
7488, 180
7491, 180
7495, 180
7499, 180
7503, 180
7509, 180
7512, 180
7516, 180
7520, 180
7523, 180
7526, 180
7531, 180
7534, 180
7539, 180
7541, 180
7546, 180
7551, 180
7553, 180
7559, 180
7562, 180
7566, 180
7570, 180
7573, 180
7579, 180
7582, 180
7590, 180
7593, 180
7597, 180
7601, 180
7604, 180
7610, 180
7614, 180
7618, 180
7621, 180
7625, 180
7629, 180
7633, 180
7636, 180
7641, 180
7644, 180
7649, 180
7652, 180
7655, 180
7661, 180
7664, 180
7669, 180
7672, 180
7677, 180
7680, 180
7684, 180
7689, 180
7692, 180
7695, 180
7699, 180
7703, 180
7709, 180
7712, 180
7716, 180
7720, 180
7723, 180
7727, 180
7731, 180
7734, 180
7739, 180
7743, 180
7746, 180
7750, 180
7754, 180
7758, 180
7763, 180
7766, 180
7771, 180
7774, 180
7779, 180
7782, 180
7785, 180
7790, 180
7793, 180
7798, 180
7802, 180
7805, 180
7809, 180
7814, 180
7818, 180
7821, 180
7825, 180
7829, 180
7833, 180
7837, 180
7841, 180
7844, 180
7848, 180
7851, 180
7855, 180
7859, 180
7864, 180
7869, 180
7872, 180
7876, 180
7880, 180
7884, 180
7888, 180
7891, 180
7894, 180
7899, 180
7902, 180
7906, 180
7910, 180
7915, 180
7920, 180
7923, 180
7926, 180
7931, 180
7934, 180
7939, 180
7942, 180
7945, 180
7950, 180
7953, 180
7957, 180
7961, 180
7966, 180
7971, 180
7974, 180
7978, 180
7981, 180
7990, 180
7994, 180
7999, 180
8002, 180
8005, 180
8009, 180
8014, 180
8019, 180
8022, 180
8026, 180
8030, 180
8034, 180
8038, 180
8041, 180
8045, 180
8049, 180
8052, 180
8056, 180
8061, 180
8065, 180
8070, 180
8073, 180
8077, 180
8080, 180
8084, 180
8088, 180
8092, 180
8095, 180
8100, 180
8103, 180
8107, 180
8111, 180
8114, 180
8119, 180
8123, 180
8128, 180
8131, 180
8135, 180
8139, 180
8142, 180
8146, 180
8150, 180
8154, 180
8159, 180
8162, 180
8168, 180
8171, 180
8175, 180
8179, 180
8182, 180
8187, 180
8191, 180
8194, 180
8199, 180
8202, 180
8206, 180
8210, 180
8213, 180
8220, 180
8224, 180
8228, 180
8231, 180
8235, 180
8239, 180
8243, 180
8246, 180
8250, 180
8254, 180
8258, 180
8262, 180
8265, 180
8271, 180
8274, 180
8279, 180
8282, 180
8287, 180
8290, 180
8294, 180
8298, 180
8301, 180
8305, 180
8309, 180
8312, 180
8316, 180
8322, 180
8325, 180
8330, 180
8333, 180
8337, 180
8340, 180
8344, 180
8348, 180
8352, 180
8356, 180
8360, 180
8364, 180
8380, 180
8385, 180
8394, 180
8399, 180
8402, 180
8407, 180
8410, 180
8414, 180
8419, 180
8423, 180
8428, 180
8431, 180
8438, 180
8450, 180
8454, 180
8459, 180
8462, 180
8466, 180
8470, 180
8475, 180
8479, 180
8483, 180
8488, 180
8491, 180
8494, 180
8499, 180
8502, 180
8505, 180
8510, 180
8514, 180
8519, 180
8522, 180
8527, 180
8530, 180
8534, 180
8538, 180
8542, 180
8545, 180
8550, 180
8553, 180
8558, 180
8561, 180
8564, 180
8569, 180
8572, 180
8578, 180
8582, 180
8585, 180
8590, 180
8593, 180
8598, 180
8601, 180
8604, 180
8609, 180
8612, 180
8616, 180
8620, 180
8625, 180
8629, 180
8632, 180
8636, 180
8640, 180
8645, 180
8649, 180
8652, 180
8656, 180
8660, 180
8664, 180
8668, 180
8671, 180
8677, 180
8681, 180
8684, 180
8689, 180
8692, 180
8696, 180
8700, 180
8704, 180
8709, 180
8712, 180
8715, 180
8719, 180
8723, 180
8729, 180
8732, 180
8735, 180
8740, 180
8744, 180
8748, 180
8751, 180
8755, 180
8759, 180
8763, 180
8766, 180
8770, 180
8775, 180
8779, 180
8783, 180
8786, 180
8795, 180
8799, 180
8803, 180
8808, 180
8812, 180
8815, 180
8820, 180
8823, 180
8828, 180
8832, 180
8835, 180
8840, 180
8843, 180
8848, 180
8851, 180
8855, 180
8859, 180
8862, 180
8865, 180
8869, 180
8874, 180
8879, 180
8883, 180
8886, 180
8890, 180
8894, 180
8898, 180
8902, 180
8905, 180
8910, 180
8913, 180
8918, 180
8921, 180
8924, 180
8930, 180
8933, 180
8938, 180
8942, 180
8945, 180
8950, 180
8953, 180
8957, 180
8960, 180
8964, 180
8969, 180
8972, 180
8975, 180
8981, 180
8984, 180
8989, 180
8992, 180
8995, 180
9000, 180
9004, 180
9008, 180
9012, 180
9015, 180
9020, 180
9023, 180
9026, 180
9032, 180
9035, 180
9040, 180
9043, 180
9048, 180
9051, 180
9054, 180
9059, 180
9062, 180
9065, 180
9070, 180
9073, 180
9077, 180
9082, 180
9085, 180
9090, 180
9093, 180
9102, 180
9105, 180
9110, 180
9113, 180
9119, 180
9122, 180
9125, 180
9133, 180
9136, 180
9140, 180
9144, 180
9149, 180
9151, 180
9155, 180
9159, 180
9164, 180
9168, 180
9171, 180
9175, 180
9179, 180
9184, 180
9192, 180
9196, 180
9201, 180
9204, 180
9209, 180
9212, 180
9216, 180
9221, 180
9225, 180
9230, 180
9233, 180
9238, 180
9241, 180
9245, 180
9249, 180
9253, 180
9256, 180
9261, 180
9264, 180
9269, 180
9272, 180
9275, 180
9279, 180
9283, 180
9289, 180
9292, 180
9296, 180
9300, 180
9304, 180
9308, 180
9311, 180
9315, 180
9319, 180
9323, 180
9328, 180
9331, 180
9335, 180
9340, 180
9343, 180
9346, 180
9351, 180
9354, 180
9359, 180
9363, 180
9365, 180
9370, 180
9373, 180
9378, 180
9381, 180
9384, 180
9401, 180
9405, 180
9409, 180
9413, 180
9416, 180
9420, 180
9425, 180
9429, 180
9433, 180
9436, 180
9441, 180
9444, 180
9451, 180
9455, 180
9459, 180
9463, 180
9466, 180
9471, 180
9474, 180
9479, 180
9482, 180
9485, 180
9492, 180
9495, 180
9499, 180
9503, 180
9507, 180
9510, 180
9514, 180
9518, 180
9522, 180
9525, 180
9530, 180
9533, 180
9539, 180
9542, 180
9546, 180
9550, 180
9554, 180
9559, 180
9562, 180
9565, 180
9569, 180
9573, 180
9576, 180
9581, 180
9585, 180
9595, 180
9599, 180
9603, 180
9606, 180
9610, 180
9614, 180
9619, 180
9622, 180
9625, 180
9630, 180
9633, 180
9638, 180
9643, 180
9646, 180
9651, 180
9654, 180
9659, 180
9662, 180
9665, 180
9670, 180
9673, 180
9677, 180
9681, 180
9685, 180
9689, 180
9694, 180
9698, 180
9701, 180
9705, 180
9709, 180
9713, 180
9717, 180
9721, 180
9724, 180
9728, 180
9731, 180
9735, 180
9740, 180
9744, 180
9749, 180
9753, 180
9756, 180
9760, 180
9764, 180
9769, 180
9772, 180
9775, 180
9781, 180
9784, 180
9789, 180
9792, 180
9797, 180
9800, 180
9804, 180
9809, 180
9812, 180
9816, 180
9820, 180
9823, 180
9827, 180
9831, 180
9834, 180
9839, 180
9842, 180
9848, 180
9852, 180
9855, 180
9860, 180
9863, 180
9867, 180
9870, 180
9874, 180
9879, 180
9882, 180
9886, 180
9890, 180
9893, 180
9899, 180
9902, 180
9906, 180
9911, 180
9914, 180
9919, 180
9922, 180
9925, 180
9929, 180
9933, 180
9936, 180
9941, 180
9946, 180
9950, 180
9954, 180
9958, 180
9961, 180
9965, 180
9969, 180
9973, 180
9976, 180
9981, 180
9984, 180
9989, 180
9998, 180
10001, 180
