target, 180
time_mill, angle
3542, 0
3548, 0
3552, 0
3556, 1
3561, 2
3564, 2
3570, 4
3575, 5
3580, 6
3583, 8
3587, 10
3592, 12
3595, 13
3600, 16
3603, 17
3607, 20
3612, 22
3616, 25
3621, 28
3626, 32
3630, 34
3634, 37
3637, 40
3642, 43
3645, 45
3649, 48
3654, 52
3657, 55
3662, 58
3666, 61
3670, 64
3673, 68
3678, 72
3683, 75
3686, 77
3691, 81
3694, 84
3697, 87
3702, 89
3705, 92
3710, 95
3713, 98
3717, 101
3722, 104
3726, 107
3731, 110
3734, 112
3738, 116
3741, 118
3746, 120
3751, 124
3754, 126
3759, 128
3762, 130
3765, 132
3770, 135
3773, 137
3780, 140
3784, 142
3787, 144
3791, 146
3795, 147
3799, 150
3802, 151
3806, 152
3811, 154
3815, 156
3819, 158
3822, 158
3826, 160
3832, 162
3835, 163
3840, 164
3843, 165
3847, 166
3851, 167
3855, 168
3860, 169
3863, 170
3866, 171
3871, 172
3881, 173
3884, 174
3889, 175
3892, 175
3896, 176
3900, 176
3904, 176
3907, 177
3912, 177
3916, 178
3920, 178
3924, 178
3927, 178
3933, 179
3936, 179
3941, 179
3945, 179
3950, 180
3953, 180
3957, 180
3961, 180
3965, 180
3969, 180
3972, 180
3977, 180
3982, 180
3986, 180
3990, 180
3993, 180
3997, 180
4001, 180
4005, 180
4010, 180
4013, 180
4016, 180
4021, 180
4024, 180
4028, 180
4033, 180
4036, 180
4042, 180
4045, 180
4049, 180
4052, 180
4056, 180
4060, 180
4064, 180
4067, 180
4071, 180
4075, 180
4080, 180
4084, 180
4089, 180
4092, 180
4095, 180
4100, 180
4103, 180
4108, 180
4112, 180
4115, 180
4120, 180
4123, 180
4126, 180
4131, 180
4136, 180
4141, 180
4144, 180
4149, 180
4152, 180
4156, 180
4160, 180
4163, 180
4167, 180
4172, 180
4175, 180
4180, 180
4184, 180
4189, 180
4202, 180
4207, 180
4212, 180
4215, 180
4219, 180
4222, 180
4226, 180
4230, 180
4236, 180
4241, 180
4244, 180
4249, 180
4252, 180
4256, 180
4260, 180
4266, 180
4271, 180
4274, 180
4283, 180
4289, 180
4292, 180
4296, 180
4301, 180
4304, 180
4309, 180
4312, 180
4315, 180
4320, 180
4323, 180
4327, 180
4331, 180
4335, 180
4341, 180
4344, 180
4348, 180
4352, 180
4355, 180
4360, 180
4363, 180
4367, 180
4371, 180
4375, 180
4380, 180
4383, 180
4388, 180
4392, 180
4396, 180
4400, 180
4403, 180
4408, 180
4411, 180
4415, 180
4420, 180
4423, 180
4426, 180
4431, 180
4434, 180
4440, 180
4443, 180
4447, 180
4451, 180
4454, 180
4458, 180
4463, 180
4466, 180
4471, 180
4474, 180
4477, 180
4481, 180
4484, 180
4488, 180
4494, 180
4497, 180
4501, 180
4505, 180
4509, 180
4512, 180
4516, 180
4520, 180
4523, 180
4527, 180
4532, 180
4535, 180
4540, 180
4544, 180
4548, 180
4551, 180
4555, 180
4560, 180
4564, 180
4568, 180
4571, 180
4575, 180
4580, 180
4583, 180
4586, 180
4593, 180
4596, 180
4600, 180
4604, 180
4607, 180
4613, 180
4616, 180
4621, 180
4625, 180
4629, 180
4632, 180
4636, 180
4640, 180
4645, 180
4649, 180
4653, 180
4657, 180
4661, 180
4664, 180
4669, 180
4672, 180
4676, 180
4684, 180
4690, 180
4694, 180
4699, 180
4702, 180
4705, 180
4710, 180
4713, 180
4717, 180
4722, 180
4725, 180
4730, 180
4733, 180
4737, 180
4741, 180
4746, 180
4750, 180
4754, 180
4757, 180
4761, 180
4765, 180
4770, 180
4773, 180
4776, 180
4780, 180
4785, 180
4790, 180
4793, 180
4799, 180
4802, 180
4806, 180
4810, 180
4813, 180
4818, 180
4822, 180
4825, 180
4830, 180
4833, 180
4836, 180
4841, 180
4845, 180
4855, 180
4860, 180
4864, 180
4867, 180
4871, 180
4875, 180
4879, 180
4883, 180
4886, 180
4891, 180
4894, 180
4900, 180
4903, 180
4906, 180
4910, 180
4915, 180
4920, 180
4923, 180
4926, 180
4931, 180
4934, 180
4939, 180
4942, 180
4947, 180
4952, 180
4955, 180
4960, 180
4963, 180
4966, 180
4971, 180
4974, 180
4977, 180
4982, 180
4986, 180
4990, 180
4994, 180
5000, 180
5003, 180
5006, 180
5010, 180
5015, 180
5019, 180
5022, 180
5026, 180
5030, 180
5033, 180
5037, 180
5041, 180
5045, 180
5050, 180
5054, 180
5058, 180
5062, 180
5065, 180
5069, 180
5073, 180
5077, 180
5086, 180
5090, 180
5093, 180
5097, 180
5102, 180
5106, 180
5111, 180
5114, 180
5118, 180
5122, 180
5125, 180
5130, 180
5133, 180
5137, 180
5141, 180
5145, 180
5150, 180
5154, 180
5159, 180
5162, 180
5165, 180
5170, 180
5174, 180
5178, 180
5181, 180
5185, 180
5190, 180
5193, 180
5196, 180
5202, 180
5206, 180
5211, 180
5214, 180
5227, 180
5231, 180
5235, 180
5240, 180
5244, 180
5249, 180
5254, 180
5259, 180
5263, 180
5266, 180
5272, 180
5275, 180
5282, 180
5286, 180
5290, 180
5293, 180
5297, 180
5303, 180
5306, 180
5311, 180
5315, 180
5319, 180
5322, 180
5326, 180
5330, 180
5334, 180
5339, 180
5342, 180
5346, 180
5350, 180
5355, 180
5359, 180
5362, 180
5366, 180
5371, 180
5374, 180
5378, 180
5382, 180
5385, 180
5390, 180
5393, 180
5396, 180
5402, 180
5406, 180
5411, 180
5414, 180
5418, 180
5422, 180
5425, 180
5430, 180
5434, 180
5437, 180
5441, 180
5445, 180
5450, 180
5453, 180
5459, 180
5463, 180
5466, 180
5471, 180
5474, 180
5478, 180
5486, 180
5491, 180
5495, 180
5499, 180
5502, 180
5508, 180
5511, 180
5515, 180
5520, 180
5523, 180
5527, 180
5532, 180
5535, 180
5539, 180
5542, 180
5546, 180
5550, 180
5554, 180
5560, 180
5564, 180
5567, 180
5571, 180
5575, 180
5580, 180
5583, 180
5586, 180
5592, 180
5595, 180
5599, 180
5602, 180
5607, 180
5613, 180
5616, 180
5620, 180
5624, 180
5629, 180
5632, 180
5636, 180
5641, 180
5644, 180
5647, 180
5651, 180
5656, 180
5661, 180
5665, 180
5669, 180
5672, 180
5676, 180
5680, 180
5684, 180
5689, 180
5692, 180
5696, 180
5700, 180
5704, 180
5708, 180
5713, 180
5716, 180
5721, 180
5725, 180
5730, 180
5733, 180
5736, 180
5741, 180
5744, 180
5749, 180
5753, 180
5756, 180
5762, 180
5766, 180
5770, 180
5773, 180
5777, 180
5781, 180
5785, 180
5790, 180
5793, 180
5796, 180
5800, 180
5804, 180
5807, 180
5813, 180
5816, 180
5821, 180
5825, 180
5829, 180
5832, 180
5836, 180
5840, 180
5844, 180
5849, 180
5853, 180
5856, 180
5860, 180
5865, 180
5870, 180
5873, 180
5876, 180
5886, 180
5890, 180
5894, 180
5898, 180
5902, 180
5905, 180
5910, 180
5915, 180
5919, 180
5922, 180
5926, 180
5930, 180
5934, 180
5937, 180
5942, 180
5945, 180
5950, 180
5953, 180
5956, 180
5961, 180
5965, 180
5970, 180
5973, 180
5978, 180
5982, 180
5985, 180
5990, 180
5993, 180
5996, 180
6001, 180
6005, 180
6010, 180
6013, 180
6018, 180
6022, 180
6025, 180
6030, 180
6033, 180
6037, 180
6042, 180
6045, 180
6050, 180
6053, 180
6057, 180
6061, 180
6066, 180
6070, 180
6074, 180
6078, 180
6082, 180
6085, 180
6090, 180
6093, 180
6096, 180
6101, 180
6105, 180
6110, 180
6113, 180
6119, 180
6123, 180
6126, 180
6130, 180
6133, 180
6139, 180
6142, 180
6146, 180
6150, 180
6153, 180
6157, 180
6161, 180
6164, 180
6170, 180
6174, 180
6178, 180
6182, 180
6185, 180
6189, 180
6193, 180
6196, 180
6201, 180
6205, 180
6209, 180
6213, 180
6216, 180
6221, 180
6224, 180
6229, 180
6234, 180
6237, 180
6242, 180
6245, 180
6260, 180
6266, 180
6271, 180
6274, 180
6279, 180
6287, 180
6291, 180
6294, 180
6300, 180
6303, 180
6307, 180
6311, 180
6314, 180
6318, 180
6323, 180
6326, 180
6334, 180
6337, 180
6341, 180
6344, 180
6349, 180
6353, 180
6356, 180
6361, 180
6365, 180
6370, 180
6374, 180
6378, 180
6382, 180
6385, 180
6390, 180
6393, 180
6398, 180
6401, 180
6405, 180
6410, 180
6413, 180
6416, 180
6422, 180
6426, 180
6431, 180
6434, 180
6437, 180
6441, 180
6445, 180
6449, 180
6453, 180
6456, 180
6461, 180
6464, 180
6469, 180
6473, 180
6476, 180
6481, 180
6484, 180
6489, 180
6493, 180
6496, 180
6501, 180
6504, 180
6509, 180
6512, 180
6516, 180
6520, 180
6526, 180
6530, 180
6533, 180
6536, 180
6541, 180
6544, 180
6549, 180
6552, 180
6556, 180
6560, 180
6563, 180
6567, 180
6571, 180
6576, 180
6580, 180
6583, 180
6588, 180
6591, 180
6595, 180
6600, 180
6603, 180
6606, 180
6612, 180
6615, 180
6621, 180
6625, 180
6629, 180
6633, 180
6636, 180
6641, 180
6644, 180
6649, 180
6653, 180
6656, 180
6661, 180
6664, 180
6668, 180
6672, 180
6676, 180
6681, 180
6690, 180
6694, 180
6698, 180
6702, 180
6705, 180
6710, 180
6713, 180
6716, 180
6722, 180
6727, 180
6731, 180
6734, 180
6738, 180
6742, 180
6745, 180
6750, 180
6753, 180
6757, 180
6761, 180
6764, 180
6768, 180
6772, 180
6775, 180
6781, 180
6784, 180
6789, 180
6793, 180
6796, 180
6801, 180
6804, 180
6807, 180
6812, 180
6815, 180
6820, 180
6823, 180
6829, 180
6833, 180
6836, 180
6840, 180
6844, 180
6848, 180
6852, 180
6856, 180
6860, 180
6864, 180
6867, 180
6871, 180
6875, 180
6881, 180
6885, 180
6889, 180
6892, 180
6896, 180
6900, 180
6904, 180
6907, 180
6912, 180
6916, 180
6920, 180
6924, 180
6927, 180
6932, 180
6936, 180
6940, 180
6943, 180
6949, 180
6952, 180
6955, 180
6960, 180
6964, 180
6967, 180
6971, 180
6975, 180
6981, 180
6985, 180
6989, 180
6992, 180
6996, 180
7000, 180
7003, 180
7007, 180
7012, 180
7016, 180
7020, 180
7024, 180
7027, 180
7033, 180
7036, 180
7041, 180
7044, 180
7049, 180
7052, 180
7056, 180
7060, 180
7064, 180
7067, 180
7071, 180
7076, 180
7080, 180
7090, 180
7093, 180
7097, 180
7101, 180
7105, 180
7110, 180
7113, 180
7117, 180
7121, 180
7124, 180
7128, 180
7133, 180
7136, 180
7142, 180
7145, 180
7149, 180
7152, 180
7156, 180
7160, 180
7164, 180
7168, 180
7172, 180
7176, 180
7180, 180
7185, 180
7189, 180
7193, 180
7196, 180
7201, 180
7204, 180
7210, 180
7213, 180
7216, 180
7220, 180
7224, 180
7227, 180
7232, 180
7237, 180
7241, 180
7245, 180
7249, 180
7253, 180
7256, 180
7261, 180
7264, 180
7269, 180
7273, 180
7291, 180
7295, 180
7299, 180
7304, 180
7307, 180
7312, 180
7316, 180
7320, 180
7324, 180
7327, 180
7331, 180
7340, 180
7343, 180
7346, 180
7351, 180
7354, 180
7359, 180
7362, 180
7367, 180
7372, 180
7375, 180
7380, 180
7383, 180
7387, 180
7392, 180
7395, 180
7400, 180
7404, 180
7407, 180
7411, 180
7415, 180
7419, 180
7423, 180
7426, 180
7431, 180
7435, 180
7440, 180
7444, 180
7447, 180
7452, 180
7455, 180
7460, 180
7464, 180
7467, 180
7471, 180
7475, 180
7479, 180
7482, 180
7492, 180
7496, 180
7500, 180
7503, 180
7507, 180
7511, 180
7514, 180
7519, 180
7522, 180
7526, 180
7531, 180
7534, 180
7537, 180
7543, 180
7546, 180
7551, 180
7554, 180
7559, 180
7563, 180
7566, 180
7571, 180
7574, 180
7577, 180
7581, 180
7585, 180
7589, 180
7594, 180
7598, 180
7602, 180
7605, 180
7611, 180
7614, 180
7619, 180
7622, 180
7626, 180
7631, 180
7634, 180
7638, 180
7643, 180
7646, 180
7650, 180
7654, 180
7659, 180
7663, 180
7666, 180
7671, 180
7674, 180
7679, 180
7682, 180
7685, 180
7690, 180
7695, 180
7699, 180
7703, 180
7706, 180
7711, 180
7714, 180
7719, 180
7723, 180
7726, 180
7731, 180
7734, 180
7738, 180
7742, 180
7746, 180
7751, 180
7755, 180
7759, 180
7762, 180
7766, 180
7770, 180
7774, 180
7777, 180
7781, 180
7786, 180
7790, 180
7795, 180
7799, 180
7802, 180
7806, 180
7811, 180
7814, 180
7819, 180
7822, 180
7826, 180
7830, 180
7833, 180
7837, 180
7841, 180
7846, 180
7851, 180
7854, 180
7859, 180
7862, 180
7866, 180
7870, 180
7873, 180
7877, 180
7882, 180
7886, 180
7894, 180
7900, 180
7904, 180
7907, 180
7912, 180
7916, 180
7920, 180
7924, 180
7927, 180
7932, 180
7935, 180
7939, 180
7942, 180
7948, 180
7952, 180
7955, 180
7960, 180
7963, 180
7966, 180
7971, 180
7975, 180
7980, 180
7983, 180
7986, 180
7990, 180
7994, 180
8000, 180
8003, 180
8007, 180
8011, 180
8015, 180
8019, 180
8023, 180
8026, 180
8031, 180
8034, 180
8037, 180
8042, 180
8046, 180
8051, 180
8054, 180
8059, 180
8062, 180
8066, 180
8070, 180
8073, 180
8079, 180
8082, 180
8086, 180
8090, 180
8093, 180
8096, 180
8102, 180
8105, 180
8110, 180
8114, 180
8117, 180
8121, 180
8125, 180
8129, 180
8133, 180
8136, 180
8141, 180
8144, 180
8149, 180
8153, 180
8157, 180
8161, 180
8164, 180
8169, 180
8173, 180
8177, 180
8182, 180
8185, 180
8189, 180
8192, 180
8196, 180
8202, 180
8206, 180
8210, 180
8213, 180
8217, 180
8221, 180
8225, 180
8229, 180
8233, 180
8236, 180
8241, 180
8245, 180
8249, 180
8254, 180
8257, 180
8262, 180
8265, 180
8270, 180
8274, 180
8277, 180
8282, 180
8285, 180
8294, 180
8297, 180
8307, 180
8312, 180
8316, 180
8320, 180
8324, 180
8336, 180
8341, 180
8344, 180
8349, 180
8353, 180
8357, 180
8362, 180
8365, 180
8370, 180
8374, 180
8377, 180
8381, 180
8385, 180
8389, 180
8393, 180
8396, 180
8403, 180
8409, 180
8412, 180
8416, 180
8420, 180
8424, 180
8427, 180
8432, 180
8435, 180
8440, 180
8443, 180
8447, 180
8451, 180
8454, 180
8460, 180
8464, 180
8468, 180
8472, 180
8476, 180
8480, 180
8483, 180
8487, 180
8491, 180
8494, 180
8500, 180
8503, 180
8509, 180
8512, 180
8515, 180
8520, 180
8523, 180
8528, 180
8540, 180
8544, 180
8547, 180
8552, 180
8555, 180
8561, 180
8564, 180
8568, 180
8572, 180
8575, 180
8580, 180
8583, 180
8587, 180
8591, 180
8595, 180
8600, 180
8603, 180
8606, 180
8613, 180
8616, 180
8621, 180
8625, 180
8630, 180
8633, 180
8636, 180
8640, 180
8644, 180
8648, 180
8652, 180
8655, 180
8661, 180
8665, 180
8669, 180
8672, 180
8676, 180
8680, 180
8684, 180
8687, 180
8696, 180
8701, 180
8704, 180
8709, 180
8714, 180
8717, 180
8722, 180
8726, 180
8730, 180
8733, 180
8736, 180
8741, 180
8744, 180
8748, 180
8752, 180
8755, 180
8761, 180
8765, 180
8769, 180
8773, 180
8776, 180
8781, 180
8784, 180
8789, 180
8793, 180
8796, 180
8801, 180
8804, 180
8808, 180
8813, 180
8816, 180
8821, 180
8825, 180
8830, 180
8833, 180
8836, 180
8841, 180
8844, 180
8849, 180
8852, 180
8856, 180
8861, 180
8865, 180
8870, 180
8873, 180
8876, 180
8881, 180
8885, 180
8890, 180
8893, 180
8896, 180
8900, 180
8904, 180
8907, 180
8912, 180
8916, 180
8921, 180
8925, 180
8929, 180
8932, 180
8936, 180
8940, 180
8944, 180
8947, 180
8952, 180
8956, 180
8960, 180
8965, 180
8969, 180
8972, 180
8976, 180
8980, 180
8984, 180
8989, 180
8992, 180
8996, 180
9000, 180
9004, 180
9007, 180
9012, 180
9016, 180
9021, 180
9024, 180
9028, 180
9032, 180
9035, 180
9040, 180
9043, 180
9046, 180
9052, 180
9055, 180
9059, 180
9063, 180
9068, 180
9072, 180
9075, 180
9080, 180
9084, 180
9087, 180
9095, 180
9100, 180
9104, 180
9108, 180
9112, 180
9118, 180
9122, 180
9125, 180
9130, 180
9133, 180
9137, 180
9141, 180
9145, 180
9150, 180
9153, 180
9156, 180
9160, 180
9164, 180
9170, 180
9173, 180
9177, 180
9182, 180
9185, 180
9189, 180
9193, 180
9196, 180
9201, 180
9204, 180
9208, 180
9213, 180
9216, 180
9222, 180
9225, 180
9229, 180
9233, 180
9236, 180
9241, 180
9245, 180
9250, 180
9253, 180
9256, 180
9261, 180
9264, 180
9267, 180
9273, 180
9277, 180
9281, 180
9284, 180
9289, 180
9292, 180
9296, 180
9300, 180
9304, 180
9307, 180
9312, 180
9316, 180
9321, 180
9325, 180
9329, 180
9332, 180
9336, 180
9340, 180
9344, 180
9359, 180
9363, 180
9366, 180
9372, 180
9376, 180
9381, 180
9385, 180
9390, 180
9393, 180
9397, 180
9401, 180
9404, 180
9412, 180
9416, 180
9422, 180
9425, 180
9429, 180
9434, 180
9437, 180
9442, 180
9445, 180
9450, 180
9453, 180
9457, 180
9461, 180
9465, 180
9469, 180
9474, 180
9479, 180
9483, 180
9486, 180
9490, 180
9499, 180
9502, 180
9506, 180
9511, 180
9514, 180
9519, 180
9523, 180
9526, 180
9531, 180
9535, 180
9540, 180
9544, 180
9547, 180
9551, 180
9554, 180
9559, 180
9562, 180
9566, 180
9571, 180
9576, 180
9580, 180
9583, 180
9586, 180
9591, 180
9594, 180
9599, 180
9603, 180
9606, 180
9612, 180
9615, 180
9619, 180
9623, 180
9628, 180
9632, 180
9636, 180
9640, 180
9644, 180
9647, 180
9652, 180
9655, 180
9660, 180
9663, 180
9667, 180
9672, 180
9676, 180
9681, 180
9685, 180
9688, 180
9692, 180
9695, 180
9700, 180
9704, 180
9707, 180
9711, 180
9715, 180
9719, 180
9723, 180
9727, 180
9732, 180
9735, 180
9740, 180
9743, 180
9747, 180
9752, 180
9755, 180
9759, 180
9762, 180
9767, 180
9771, 180
9774, 180
9780, 180
9783, 180
9787, 180
9791, 180
9794, 180
9800, 180
9803, 180
9806, 180
9810, 180
9814, 180
9817, 180
9821, 180
9825, 180
9831, 180
9835, 180
9839, 180
9842, 180
9845, 180
9855, 180
9859, 180
9863, 180
9866, 180
9871, 180
9874, 180
9880, 180
9883, 180
9886, 180
9891, 180
9900, 180
9904, 180
9908, 180
9911, 180
9915, 180
9919, 180
9923, 180
9927, 180
9933, 180
9936, 180
9940, 180
9945, 180
9948, 180
9952, 180
9955, 180
9960, 180
9963, 180
9967, 180
9971, 180
9974, 180
9979, 180
9983, 180
9987, 180
9992, 180
9996, 180
10000, 180
10003, 180
