target, 180
time_mill, angle
3419, 0
3424, 0
3427, 0
3435, 1
3440, 2
3445, 2
3455, 6
3461, 8
3465, 10
3469, 11
3473, 13
3477, 15
3483, 18
3486, 20
3493, 24
3496, 27
3501, 30
3505, 32
3513, 38
3516, 40
3520, 43
3524, 46
3529, 50
3534, 54
3537, 56
3540, 59
3545, 62
3548, 66
3552, 69
3556, 72
3563, 78
3566, 80
3570, 84
3574, 87
3577, 90
3581, 94
3585, 97
3590, 102
3596, 106
3603, 112
3606, 116
3610, 120
3615, 124
3618, 127
3624, 132
3628, 136
3634, 141
3637, 144
3647, 153
3653, 159
3656, 164
3666, 171
3670, 175
3675, 180
3679, 183
3686, 189
3690, 193
3695, 196
3701, 200
3706, 203
3714, 207
3718, 209
3726, 212
3730, 213
3735, 214
3739, 215
3744, 215
3748, 216
3754, 216
3758, 215
3764, 215
3769, 214
3774, 213
3778, 212
3784, 210
3788, 208
3793, 206
3797, 204
3803, 202
3815, 196
3827, 188
3833, 184
3838, 181
3841, 177
3849, 173
3856, 170
3860, 166
3869, 164
3874, 162
3878, 161
3883, 160
3890, 159
3897, 159
3904, 159
3908, 160
3914, 161
3921, 162
3926, 164
3929, 165
3936, 167
3941, 170
3946, 172
3950, 174
3963, 181
3967, 184
3970, 186
3976, 188
3983, 191
3987, 192
3994, 194
3998, 195
4006, 196
4010, 196
4014, 196
4020, 196
4024, 196
4028, 196
4031, 195
4036, 194
4039, 193
4044, 192
4047, 191
4051, 189
4056, 188
4059, 186
4064, 184
4067, 182
4072, 180
4076, 178
4080, 176
4084, 174
4088, 173
4092, 171
4095, 170
4099, 170
4104, 169
4107, 168
4110, 168
4115, 168
4120, 168
4125, 168
4128, 169
4131, 169
4136, 170
4139, 171
4144, 172
4147, 173
4151, 174
4156, 176
4159, 178
4164, 180
4167, 182
4173, 184
4176, 186
4179, 186
4184, 188
4187, 188
4191, 189
4195, 190
4199, 190
4204, 190
4207, 190
4223, 189
4227, 188
4230, 188
4237, 186
4243, 184
4246, 182
4249, 181
4255, 179
4259, 177
4264, 176
4267, 174
4272, 173
4276, 172
4290, 171
4296, 172
4299, 172
4303, 172
4309, 173
4313, 174
4316, 175
4320, 176
4326, 178
4330, 180
4334, 181
4338, 183
4341, 184
4346, 185
4349, 186
4354, 187
4360, 187
4364, 188
4367, 188
4371, 187
4377, 187
4380, 186
4385, 185
4389, 184
4393, 183
4396, 182
4400, 181
4405, 179
4408, 178
4412, 177
4417, 176
4420, 175
4426, 174
4429, 174
4434, 174
4437, 174
4440, 174
4445, 174
4449, 175
4454, 176
4457, 177
4460, 178
4465, 179
4468, 180
4473, 182
4478, 183
4482, 184
4486, 184
4489, 185
4494, 185
4498, 186
4501, 185
4506, 185
4509, 185
4514, 184
4517, 184
4520, 183
4526, 182
4530, 181
4534, 180
4537, 178
4541, 178
4545, 176
4549, 176
4553, 176
4557, 175
4560, 175
4565, 175
4568, 175
4572, 176
4577, 176
4581, 177
4586, 178
4589, 179
4593, 180
4597, 182
4600, 182
4605, 184
4608, 184
4617, 185
4621, 186
4625, 186
4630, 186
4634, 185
4638, 184
4642, 184
4646, 183
4650, 182
4654, 180
4657, 180
4661, 178
4665, 178
4669, 176
4673, 176
4677, 175
4683, 175
4686, 175
4690, 175
4694, 175
4697, 176
4700, 176
4705, 177
4709, 178
4714, 179
4717, 180
4720, 181
4725, 182
4729, 183
4734, 184
4737, 185
4741, 185
4746, 185
4749, 185
4754, 184
4757, 184
4761, 184
4765, 183
4768, 182
4773, 181
4776, 180
4782, 178
4786, 177
4789, 176
4794, 176
4797, 176
4801, 175
4805, 175
4809, 175
4814, 176
4817, 176
4820, 176
4825, 177
4828, 178
4834, 180
4837, 180
4843, 182
4846, 183
4849, 184
4854, 184
4857, 185
4861, 185
4865, 185
4869, 185
4874, 185
4877, 184
4883, 183
4886, 182
4890, 182
4894, 180
4897, 179
4901, 178
4907, 177
4910, 176
4914, 176
4918, 176
4922, 175
4926, 176
4929, 176
4935, 176
4938, 177
4944, 178
4947, 178
4950, 179
4955, 181
4958, 182
4962, 182
4965, 183
4970, 184
4974, 184
4977, 184
4983, 184
4987, 184
4990, 184
4994, 184
4997, 183
5003, 182
5006, 181
5010, 180
5020, 178
5025, 177
5035, 176
5043, 176
5046, 176
5050, 177
5054, 178
5058, 178
5061, 179
5067, 181
5070, 182
5075, 182
5078, 183
5082, 184
5087, 184
5091, 184
5098, 184
5103, 184
5106, 184
5110, 183
5114, 182
5118, 181
5123, 180
5126, 179
5129, 178
5135, 177
5139, 177
5144, 176
5153, 176
5157, 176
5160, 177
5165, 178
5168, 178
5174, 180
5178, 180
5181, 181
5187, 182
5191, 183
5197, 184
5200, 184
5205, 184
5208, 184
5213, 184
5216, 184
5220, 183
5224, 182
5229, 181
5234, 180
5237, 180
5241, 178
5245, 178
5249, 177
5253, 176
5256, 176
5261, 176
5265, 176
5268, 176
5272, 176
5276, 177
5280, 178
5284, 179
5288, 180
5294, 181
5297, 182
5300, 183
5305, 184
5308, 184
5313, 185
5330, 184
5335, 183
5340, 182
5344, 181
5347, 180
5351, 179
5356, 178
5360, 177
5364, 176
5367, 176
5371, 176
5375, 175
5381, 176
5385, 176
5390, 176
5395, 178
5399, 178
5403, 180
5407, 181
5410, 182
5420, 184
5425, 185
5429, 185
5438, 185
5444, 185
5447, 184
5455, 183
5459, 182
5463, 180
5466, 180
5470, 178
5475, 177
5478, 176
5483, 175
5487, 175
5493, 174
5496, 174
5503, 174
5506, 175
5509, 176
5514, 176
5517, 177
5523, 179
5527, 180
5530, 181
5534, 182
5537, 183
5543, 184
5547, 185
5551, 186
5556, 186
5558, 186
5563, 186
5567, 186
5570, 185
5575, 184
5578, 184
5582, 182
5587, 181
5590, 180
5596, 179
5599, 178
5604, 176
5607, 176
5610, 175
5614, 175
5619, 174
5624, 174
5627, 175
5631, 175
5635, 176
5639, 176
5644, 178
5647, 179
5651, 180
5655, 181
5659, 182
5663, 184
5666, 184
5670, 185
5674, 185
5678, 186
5683, 186
5687, 186
5690, 185
5696, 184
5700, 184
5704, 183
5707, 182
5711, 181
5716, 180
5719, 179
5724, 178
5727, 177
5731, 176
5735, 176
5739, 176
5743, 175
5748, 175
5753, 176
5756, 176
5759, 176
5764, 177
5767, 178
5771, 179
5775, 180
5779, 181
5784, 182
5787, 183
5791, 184
5796, 184
5800, 185
5804, 185
5807, 185
5818, 184
5821, 183
5826, 182
5836, 180
5839, 178
5846, 177
5850, 176
5857, 176
5860, 176
5865, 176
5868, 176
5873, 177
5878, 178
5881, 178
5885, 180
5888, 180
5893, 182
5897, 182
5901, 184
5910, 184
5914, 185
5917, 184
5921, 184
5925, 184
5929, 184
5933, 183
5937, 182
5940, 181
5945, 180
5949, 179
5954, 178
5957, 177
5960, 176
5965, 176
5968, 176
5973, 176
5977, 176
5980, 176
5985, 177
5988, 177
5992, 178
5996, 179
6000, 180
6006, 182
6009, 182
6013, 183
6016, 184
6020, 184
6024, 184
6028, 184
6031, 184
6036, 184
6040, 184
6044, 183
6048, 182
6053, 181
6056, 180
6060, 179
6064, 178
6069, 178
6073, 177
6076, 176
6080, 176
6084, 176
6088, 176
6091, 177
6096, 177
6101, 178
6105, 179
6109, 180
6114, 181
6117, 182
6120, 182
6125, 183
6128, 184
6133, 184
6137, 184
6140, 184
6145, 184
6148, 184
6154, 183
6157, 182
6160, 182
6164, 181
6169, 180
6174, 179
6177, 178
6180, 178
6185, 177
6188, 177
6191, 176
6196, 176
6200, 177
6206, 177
6209, 178
6218, 180
6221, 181
6226, 182
6229, 182
6234, 184
6238, 184
6241, 184
6246, 184
6249, 184
6254, 184
6258, 184
6263, 183
6267, 182
6270, 182
6275, 180
6278, 180
6283, 178
6286, 177
6290, 176
6295, 176
6298, 175
6302, 175
6307, 175
6310, 175
6315, 176
6318, 176
6323, 176
6327, 178
6330, 178
6335, 180
6338, 180
6343, 182
6346, 182
6350, 183
6356, 184
6360, 185
6364, 185
6367, 185
6375, 184
6387, 182
6393, 180
6396, 180
6400, 178
6404, 177
6409, 176
6414, 175
6417, 174
6421, 174
6426, 174
6430, 174
6436, 174
6440, 174
6444, 175
6447, 176
6451, 177
6458, 178
6461, 180
6466, 181
6469, 182
6473, 184
6476, 184
6480, 185
6484, 186
6489, 186
6493, 186
6496, 186
6500, 186
6504, 186
6509, 185
6513, 184
6517, 184
6521, 183
6525, 182
6529, 180
6533, 179
6536, 178
6540, 177
6544, 176
6548, 175
6552, 174
6557, 174
6561, 174
6565, 174
6569, 174
6573, 174
6576, 175
6580, 176
6584, 176
6588, 178
6592, 179
6596, 180
6599, 181
6603, 182
6606, 183
6612, 184
6620, 186
6625, 186
6628, 186
6633, 186
6637, 186
6640, 185
6645, 184
6649, 184
6654, 182
6657, 181
6662, 180
6666, 178
6669, 178
6674, 176
6677, 176
6681, 175
6686, 174
6689, 174
6694, 174
6697, 175
6701, 175
6705, 176
6708, 176
6714, 178
6718, 179
6722, 180
6725, 181
6729, 182
6734, 184
6737, 184
6740, 185
6745, 185
6749, 186
6754, 186
6757, 186
6763, 185
6766, 185
6770, 184
6774, 184
6777, 183
6782, 181
6786, 180
6789, 179
6794, 178
6797, 177
6801, 176
6805, 176
6808, 175
6815, 174
6818, 174
6823, 175
6826, 175
6829, 176
6834, 176
6837, 177
6841, 178
6846, 179
6849, 180
6854, 182
6857, 182
6860, 183
6866, 184
6869, 184
6874, 185
6878, 185
6882, 185
6885, 184
6889, 184
6894, 183
6897, 182
6901, 182
6906, 180
6910, 179
6915, 178
6918, 177
6923, 176
6926, 176
6930, 176
6934, 176
6938, 176
6943, 176
6946, 176
6950, 177
6954, 178
6957, 178
6960, 179
6966, 181
6970, 182
6975, 183
6978, 184
6982, 184
6986, 184
6989, 184
6994, 184
6997, 184
7001, 184
7006, 183
7010, 183
7020, 180
7024, 179
7028, 178
7031, 177
7035, 176
7040, 175
7044, 174
7047, 174
7051, 174
7055, 174
7058, 174
7062, 175
7067, 176
7071, 176
7076, 177
7079, 178
7083, 180
7086, 180
7090, 182
7094, 183
7098, 184
7104, 185
7107, 185
7110, 186
7114, 186
7120, 186
7124, 186
7127, 185
7130, 185
7136, 184
7139, 183
7143, 182
7146, 181
7150, 180
7154, 178
7158, 178
7161, 177
7167, 176
7171, 175
7175, 175
7179, 175
7184, 175
7186, 175
7190, 176
7194, 176
7199, 177
7203, 178
7206, 179
7210, 180
7214, 181
7219, 182
7224, 183
7227, 184
7231, 184
7236, 184
7239, 184
7243, 184
7246, 184
7250, 184
7254, 183
7257, 183
7260, 182
7266, 181
7270, 179
7275, 178
7278, 178
7281, 177
7286, 176
7289, 176
7294, 176
7298, 176
7301, 176
7306, 176
7309, 177
7314, 178
7317, 178
7321, 180
7326, 181
7330, 182
7334, 182
7337, 183
7340, 184
7345, 184
7349, 184
7353, 184
7356, 184
7361, 184
7365, 184
7368, 183
7374, 182
7377, 181
7381, 180
7385, 179
7388, 178
7391, 178
7408, 176
7411, 175
7419, 176
7425, 176
7430, 177
7434, 178
7438, 179
7444, 180
7447, 181
7450, 182
7455, 183
7458, 184
7464, 185
7467, 185
7471, 185
7477, 185
7480, 185
7485, 184
7488, 184
7493, 182
7499, 181
7503, 180
7506, 179
7510, 178
7514, 177
7518, 176
7524, 176
7528, 175
7533, 175
7535, 175
7540, 176
7544, 176
7547, 176
7551, 177
7555, 178
7560, 179
7564, 180
7567, 181
7571, 182
7576, 183
7580, 184
7585, 184
7588, 184
7593, 184
7597, 184
7600, 184
7604, 184
7608, 183
7612, 182
7615, 182
7619, 181
7624, 180
7628, 178
7633, 177
7636, 177
7639, 176
7644, 176
7648, 176
7651, 176
7656, 176
7660, 177
7664, 178
7667, 178
7671, 179
7675, 180
7680, 181
7684, 182
7688, 183
7692, 183
7695, 184
7699, 184
7704, 184
7707, 184
7710, 183
7714, 182
7719, 182
7724, 181
7727, 180
7732, 179
7736, 178
7739, 178
7744, 177
7747, 177
7751, 176
7755, 176
7759, 177
7764, 177
7767, 178
7770, 178
7775, 179
7780, 180
7784, 181
7788, 182
7791, 182
7795, 182
7799, 183
7803, 183
7807, 183
7810, 183
7815, 182
7824, 182
7835, 179
7838, 178
7843, 177
7847, 176
7852, 176
7857, 175
7863, 175
7866, 175
7870, 176
7875, 176
7879, 177
7884, 178
7887, 178
7891, 180
7895, 181
7898, 182
7902, 183
7910, 184
7915, 185
7918, 185
7921, 185
7926, 185
7930, 185
7936, 184
7939, 183
7944, 182
7948, 181
7951, 180
7955, 179
7958, 178
7963, 177
7966, 176
7970, 176
7974, 175
7978, 175
7983, 175
7987, 175
7990, 176
7995, 176
7998, 176
8003, 177
8006, 178
8010, 179
8015, 180
8018, 181
8023, 182
8026, 183
8030, 184
8036, 184
8040, 184
8044, 184
8047, 184
8050, 184
8055, 184
8058, 183
8063, 182
8066, 181
8070, 180
8075, 179
8078, 178
8082, 177
8087, 177
8090, 176
8095, 176
8098, 176
8103, 176
8106, 176
8110, 177
8115, 178
8118, 178
8123, 180
8126, 180
8130, 181
8134, 182
8139, 183
8147, 184
8152, 184
8155, 184
8159, 184
8163, 184
8167, 183
8171, 183
8175, 182
8179, 181
8183, 180
8188, 179
8191, 178
8196, 177
8199, 177
8204, 176
8208, 176
8211, 176
8216, 176
8224, 177
8227, 178
8231, 179
8236, 180
8240, 181
8245, 182
8248, 182
8253, 183
8256, 184
8260, 184
8264, 184
8268, 184
8271, 183
8276, 182
8279, 182
8283, 181
8286, 180
8291, 179
8295, 178
8299, 178
8304, 177
8307, 177
8311, 176
8315, 176
8319, 177
8324, 177
8327, 178
8331, 178
8336, 179
8340, 180
8345, 181
8348, 182
8351, 182
8356, 183
8359, 183
8364, 183
8367, 183
8371, 183
8375, 183
8378, 182
8382, 182
8386, 181
8389, 180
8396, 179
8399, 179
8404, 178
8407, 178
8410, 177
8415, 177
8418, 177
8423, 177
8426, 178
8430, 178
8435, 179
8438, 179
8454, 183
8458, 184
8464, 184
8467, 185
8470, 185
8475, 185
8479, 185
8484, 184
8487, 184
8491, 183
8497, 182
8500, 181
8504, 180
8510, 178
8514, 177
8518, 176
8521, 176
8527, 176
8531, 176
8535, 176
8538, 176
8544, 176
8547, 177
8551, 178
8555, 178
8559, 180
8564, 181
8567, 182
8571, 182
8575, 183
8579, 184
8583, 184
8586, 184
8591, 185
8597, 184
8600, 184
8605, 183
8608, 183
8611, 182
8615, 181
8619, 180
8629, 178
8634, 176
8643, 175
8650, 175
8654, 175
8659, 176
8664, 176
8667, 176
8672, 178
8675, 178
8680, 180
8684, 181
8687, 182
8693, 183
8697, 184
8700, 184
8705, 185
8711, 185
8715, 185
8719, 185
8724, 184
8728, 184
8732, 182
8736, 182
8739, 181
8744, 180
8748, 178
8753, 177
8757, 176
8760, 176
8765, 176
8768, 175
8773, 175
8776, 175
8779, 176
8784, 176
8788, 176
8792, 178
8796, 178
8800, 180
8804, 181
8808, 182
8811, 182
8816, 184
8820, 184
8824, 184
8828, 185
8831, 185
8836, 185
8839, 184
8844, 184
8848, 183
8853, 182
8857, 181
8860, 180
8865, 179
8868, 178
8873, 177
8877, 176
8880, 176
8885, 176
8888, 176
8892, 176
8896, 176
8900, 176
8906, 177
8909, 178
8914, 179
8918, 180
8921, 181
8926, 182
8929, 183
8934, 184
8937, 184
8940, 184
8945, 185
8950, 184
8955, 184
8958, 184
8963, 183
8966, 182
8969, 181
8974, 180
8977, 180
8983, 178
8986, 178
8989, 177
9004, 176
9007, 176
9010, 176
9015, 177
9019, 177
9028, 180
9033, 181
9043, 184
9046, 184
9052, 185
9059, 186
9064, 186
9067, 186
9071, 186
9076, 185
9080, 184
9085, 183
9088, 182
9093, 181
9096, 180
9104, 178
9108, 176
9113, 176
9117, 175
9120, 174
9125, 174
9128, 174
9133, 174
9136, 175
9140, 176
9145, 176
9148, 177
9154, 179
9157, 180
9160, 181
9165, 182
9168, 183
9173, 184
9177, 185
9180, 185
9185, 186
9188, 186
9193, 186
9196, 186
9200, 185
9206, 184
9210, 184
9214, 182
9217, 182
9221, 180
9225, 179
9229, 178
9234, 177
9236, 176
9241, 176
9246, 175
9249, 175
9254, 175
9259, 175
9262, 176
9266, 176
9269, 176
9274, 178
9278, 178
9281, 180
9285, 180
9289, 182
9293, 182
9297, 183
9300, 184
9306, 185
9310, 185
9315, 185
9318, 185
9322, 184
9326, 184
9329, 183
9334, 182
9338, 181
9343, 180
9346, 179
9350, 178
9354, 177
9358, 176
9363, 176
9366, 176
9371, 176
9375, 176
9379, 176
9383, 177
9386, 177
9390, 178
9394, 179
9398, 180
9401, 181
9406, 182
9411, 183
9415, 184
9419, 184
9427, 184
9430, 184
9436, 184
9439, 184
9444, 183
9447, 182
9450, 182
9455, 180
9459, 180
9463, 178
9467, 178
9471, 177
9486, 176
9490, 176
9495, 177
9498, 177
9503, 178
9507, 179
9513, 180
9516, 181
9520, 182
9524, 182
9528, 183
9531, 184
9536, 184
9543, 184
9547, 184
9550, 183
9554, 182
9559, 182
9565, 180
9568, 180
9571, 179
9575, 178
9578, 178
9583, 177
9586, 177
9590, 176
9594, 176
9598, 176
9602, 177
9606, 177
9610, 178
9615, 179
9618, 180
9623, 180
9626, 181
9630, 182
9635, 183
9638, 183
9643, 184
9645, 184
9649, 184
9654, 183
9657, 183
9663, 182
9666, 181
9670, 180
9674, 180
9678, 178
9682, 178
9686, 177
9689, 176
9694, 176
9697, 176
9701, 176
9705, 176
9708, 176
9714, 177
9717, 178
9721, 179
9725, 180
9729, 181
9733, 182
9737, 182
9740, 183
9745, 184
9748, 184
9753, 184
9756, 184
9760, 184
9765, 183
9769, 183
9773, 182
9776, 182
9780, 180
9784, 180
9788, 179
9792, 178
9796, 177
9799, 177
9804, 176
9807, 176
9810, 176
9816, 176
9820, 177
9828, 178
9833, 179
9836, 180
9839, 181
9844, 182
9847, 183
9851, 183
9856, 184
9859, 184
9864, 184
9868, 184
9871, 184
9876, 184
9879, 183
9884, 182
9888, 182
9891, 181
9896, 180
9899, 179
9903, 178
9908, 177
9911, 177
9917, 176
9921, 176
9925, 176
9928, 176
9933, 177
9936, 178
9940, 178
9944, 179
9948, 180
9951, 180
9956, 182
9959, 182
9964, 183
9968, 183
9972, 184
9976, 184
9979, 183
9984, 183
9988, 182
9991, 182
9995, 181
9999, 180
10003, 180
