target, 180
time_mill, angle
3444, 0
3449, 0
3452, 0
3456, 0
3461, 1
3464, 1
3470, 3
3473, 4
3477, 5
3482, 7
3485, 8
3490, 10
3493, 11
3497, 13
3501, 15
3505, 17
3509, 20
3513, 22
3516, 25
3521, 27
3526, 30
3530, 33
3533, 35
3537, 39
3541, 41
3546, 45
3550, 48
3553, 50
3556, 53
3561, 57
3564, 59
3568, 63
3573, 67
3577, 70
3581, 73
3585, 76
3589, 80
3593, 83
3596, 86
3600, 89
3604, 93
3608, 97
3612, 101
3616, 103
3620, 107
3624, 111
3629, 115
3633, 119
3636, 121
3641, 127
3645, 129
3649, 133
3652, 136
3656, 140
3660, 143
3664, 147
3667, 150
3671, 154
3677, 159
3681, 163
3684, 165
3694, 174
3699, 178
3703, 181
3712, 187
3717, 191
3722, 194
3729, 197
3732, 199
3736, 201
3742, 203
3746, 204
3750, 205
3754, 206
3757, 207
3761, 207
3767, 207
3772, 208
3776, 208
3781, 207
3785, 207
3789, 207
3792, 206
3796, 205
3800, 205
3804, 203
3807, 203
3811, 201
3815, 200
3819, 199
3822, 198
3826, 197
3831, 195
3834, 193
3840, 191
3842, 190
3846, 189
3850, 188
3854, 186
3857, 185
3862, 184
3865, 183
3870, 181
3874, 181
3878, 179
3882, 178
3885, 177
3890, 177
3893, 176
3896, 175
3902, 175
3905, 174
3910, 173
3913, 173
3916, 173
3920, 173
3924, 173
3927, 172
3934, 172
3942, 172
3954, 173
3960, 173
3964, 174
3970, 174
3973, 175
3976, 175
3982, 175
3985, 175
4006, 177
4010, 178
4014, 178
4017, 179
4022, 179
4029, 179
4034, 180
4038, 180
4042, 180
4045, 180
4050, 181
4064, 181
4069, 181
4072, 181
4076, 181
4080, 181
4086, 181
4094, 181
4099, 181
4102, 181
4106, 181
4110, 181
4113, 181
4117, 181
4121, 181
4125, 181
4130, 181
4150, 181
4154, 181
4166, 181
4170, 181
4176, 181
4183, 181
4187, 181
4191, 181
4199, 181
4202, 181
4206, 181
4210, 181
4214, 181
4217, 181
4222, 181
4225, 181
4230, 181
4246, 181
4251, 181
4254, 181
4265, 181
4272, 181
4281, 181
4286, 181
4290, 181
4300, 181
4309, 181
4314, 181
4318, 181
4324, 181
4329, 181
4332, 181
4340, 181
4343, 181
4349, 181
4353, 181
4363, 181
4369, 181
4372, 181
4375, 181
4380, 181
4383, 181
4401, 181
4404, 181
4409, 181
4414, 181
4418, 181
4423, 181
4433, 181
4440, 181
4445, 181
4450, 181
4453, 181
4462, 181
4466, 181
4470, 181
4474, 181
4478, 181
4482, 181
4485, 181
4496, 181
4501, 181
4504, 181
4508, 181
4512, 181
4515, 181
4519, 181
4523, 181
4526, 181
4533, 181
4536, 181
4541, 181
4545, 181
4550, 181
4554, 181
4557, 181
4562, 181
4565, 181
4569, 181
4573, 181
4576, 181
4580, 181
4583, 181
4587, 181
4593, 181
4596, 181
4600, 181
4603, 181
4607, 181
4611, 181
4614, 181
4617, 181
4622, 181
4625, 181
4630, 181
4633, 181
4636, 181
4642, 181
4645, 181
4650, 181
4653, 181
4657, 181
4661, 181
4664, 181
4669, 181
4672, 181
4675, 181
4680, 181
4683, 181
4686, 181
4692, 181
4696, 181
4700, 181
4703, 181
4707, 181
4711, 181
4714, 181
4717, 181
4722, 181
4725, 181
4730, 181
4733, 181
4737, 181
4741, 181
4745, 181
4749, 181
4753, 181
4756, 181
4761, 181
4764, 181
4768, 181
4772, 181
4775, 181
4780, 181
4783, 181
4786, 181
4792, 181
4796, 181
4800, 181
4803, 181
4807, 181
4811, 181
4814, 181
4819, 181
4823, 181
4826, 181
4830, 181
4834, 181
4837, 181
4841, 181
4846, 181
4850, 181
4854, 181
4858, 181
4861, 181
4865, 181
4869, 181
4872, 181
4876, 181
4880, 181
4883, 181
4887, 181
4896, 181
4901, 181
4904, 181
4909, 181
4912, 181
4916, 181
4921, 181
4924, 181
4927, 181
4933, 181
4936, 181
4941, 181
4944, 181
4949, 181
4952, 181
4956, 181
4961, 181
4964, 181
4968, 181
4971, 181
4975, 181
4979, 181
4983, 181
4986, 181
4991, 181
4994, 181
5000, 181
5003, 181
5006, 181
5010, 181
5014, 181
5019, 181
5022, 181
5025, 181
5029, 181
5032, 181
5036, 181
5040, 181
5044, 181
5050, 181
5053, 181
5056, 181
5060, 181
5064, 181
5067, 181
5072, 181
5075, 181
5080, 181
5083, 181
5086, 181
5091, 181
5094, 181
5100, 181
5103, 181
5106, 181
5110, 181
5114, 181
5119, 181
5122, 181
5126, 181
5130, 181
5133, 181
5136, 181
5140, 181
5144, 181
5150, 181
5153, 181
5156, 181
5161, 181
5164, 181
5167, 181
5177, 181
5182, 181
5185, 181
5190, 181
5194, 181
5200, 181
5204, 181
5209, 181
5213, 181
5216, 181
5221, 181
5224, 181
5229, 181
5232, 181
5235, 181
5240, 181
5243, 181
5247, 181
5252, 181
5255, 181
5260, 181
5263, 181
5267, 181
5271, 181
5275, 181
5280, 181
5283, 181
5286, 181
5293, 181
5300, 181
5305, 181
5309, 181
5312, 181
5316, 181
5320, 181
5324, 181
5327, 181
5331, 181
5335, 181
5339, 181
5342, 181
5346, 181
5350, 181
5366, 181
5372, 181
5374, 181
5379, 181
5382, 181
5385, 181
5391, 181
5394, 181
5398, 181
5404, 181
5407, 181
5411, 181
5414, 181
5421, 181
5424, 181
5429, 181
5432, 181
5437, 181
5441, 181
5445, 181
5449, 181
5452, 181
5457, 181
5461, 181
5464, 181
5470, 181
5473, 181
5476, 181
5480, 181
5484, 181
5487, 181
5492, 181
5495, 181
5500, 181
5504, 181
5509, 181
5512, 181
5516, 181
5520, 181
5523, 181
5526, 181
5531, 181
5535, 181
5539, 181
5542, 181
5546, 181
5550, 181
5553, 181
5557, 181
5562, 181
5565, 181
5570, 181
5573, 181
5577, 181
5581, 181
5585, 181
5589, 181
5592, 181
5596, 181
5600, 181
5604, 181
5609, 181
5612, 181
5616, 181
5620, 181
5623, 181
5627, 181
5631, 181
5634, 181
5639, 181
5643, 181
5646, 181
5650, 181
5653, 181
5660, 181
5663, 181
5666, 181
5671, 181
5674, 181
5678, 181
5681, 181
5685, 181
5690, 181
5697, 181
5701, 181
5705, 181
5711, 181
5714, 181
5718, 181
5721, 181
5726, 181
5730, 181
5733, 181
5737, 181
5741, 181
5745, 181
5748, 181
5752, 181
5756, 181
5761, 181
5765, 181
5769, 181
5772, 181
5776, 181
5780, 181
5783, 181
5786, 181
5791, 181
5794, 181
5799, 181
5802, 181
5806, 181
5811, 181
5814, 181
5818, 181
5823, 181
5826, 181
5830, 181
5833, 181
5837, 181
5841, 181
5845, 181
5848, 181
5853, 181
5856, 181
5861, 181
5865, 181
5869, 181
5873, 181
5876, 181
5880, 181
5884, 181
5888, 181
5891, 181
5895, 181
5899, 181
5902, 181
5906, 181
5911, 181
5914, 181
5919, 181
5923, 181
5926, 181
5939, 181
5942, 181
5946, 181
5954, 181
5961, 181
5964, 181
5970, 181
5974, 181
5980, 181
5984, 181
5989, 181
5993, 181
5999, 181
6002, 181
6006, 181
6010, 181
6016, 181
6021, 181
6024, 181
6031, 181
6034, 181
6038, 181
6043, 181
6049, 181
6052, 181
6056, 181
6060, 181
6066, 181
6070, 181
6073, 181
6077, 181
6084, 181
6089, 181
6092, 181
6101, 181
6104, 181
6109, 181
6114, 181
6120, 181
6123, 181
6131, 181
6134, 181
6139, 181
6146, 181
6150, 181
6154, 181
6160, 181
6166, 181
6170, 181
6174, 181
6179, 181
6182, 181
6191, 181
6194, 181
6199, 181
6202, 181
6206, 181
6211, 181
6217, 181
6221, 181
6224, 181
6229, 181
6233, 181
6237, 181
6243, 181
6248, 181
6251, 181
6255, 181
6259, 181
6262, 181
6271, 181
6277, 181
6281, 181
6284, 181
6289, 181
6292, 181
6296, 181
6300, 181
6307, 181
6311, 181
6314, 181
6320, 181
6323, 181
6326, 181
6336, 181
6342, 181
6346, 181
6351, 181
6356, 181
6361, 181
6366, 181
6372, 181
6375, 181
6379, 181
6382, 181
6400, 181
6407, 181
6412, 181
6415, 181
6421, 181
6425, 181
6429, 181
6434, 181
6441, 181
6447, 181
6451, 181
6454, 181
6461, 181
6465, 181
6473, 181
6476, 181
6481, 181
6484, 181
6489, 181
6492, 181
6502, 181
6506, 181
6515, 181
6519, 181
6523, 181
6526, 181
6532, 181
6540, 181
6543, 181
6546, 181
6556, 181
6560, 181
6563, 181
6567, 181
6572, 181
6579, 181
6582, 181
6585, 181
6607, 181
6611, 181
6615, 181
6620, 181
6625, 181
6632, 181
6640, 181
6643, 181
6646, 181
6652, 181
6659, 181
6665, 181
6670, 181
6674, 181
6677, 181
6682, 181
6690, 181
6693, 181
6699, 181
6706, 181
6711, 181
6714, 181
6721, 181
6726, 181
6730, 181
6736, 181
6740, 181
6743, 181
6746, 181
6751, 181
6755, 181
6760, 181
6766, 181
6770, 181
6773, 181
6779, 181
6786, 181
6790, 181
6795, 181
6799, 181
6802, 181
6806, 181
6810, 181
6814, 181
6816, 181
6821, 181
6827, 181
6831, 181
6834, 181
6837, 181
6842, 181
6845, 181
6849, 181
6852, 181
6856, 181
6861, 181
6866, 181
6870, 181
6874, 181
6879, 181
6882, 181
6886, 181
6890, 181
6894, 181
6902, 181
6905, 181
6909, 181
6912, 181
6916, 181
6920, 181
6924, 181
6931, 181
6934, 181
6937, 181
6941, 181
6945, 181
6949, 181
6953, 181
6956, 181
6961, 181
6964, 181
6968, 181
6971, 181
6975, 181
6980, 181
6984, 181
6989, 181
6992, 181
6995, 181
7000, 181
7003, 181
7006, 181
7011, 181
7014, 181
7017, 181
7022, 181
7026, 181
7031, 181
7035, 181
7038, 181
7042, 181
7045, 181
7049, 181
7054, 181
7057, 181
7061, 181
7064, 181
7069, 181
7072, 181
7076, 181
7079, 181
7084, 181
7089, 181
7092, 181
7095, 181
7100, 181
7103, 181
7107, 181
7122, 181
7126, 181
7130, 181
7135, 181
7139, 181
7142, 181
7145, 181
7151, 181
7154, 181
7157, 181
7161, 181
7165, 181
7169, 181
7172, 181
7175, 181
7180, 181
7185, 181
7189, 181
7192, 181
7196, 181
7200, 181
7203, 181
7206, 181
7211, 181
7214, 181
7219, 181
7222, 181
7226, 181
7230, 181
7235, 181
7238, 181
7242, 181
7245, 181
7250, 181
7254, 181
7257, 181
7261, 181
7265, 181
7269, 181
7272, 181
7275, 181
7280, 181
7285, 181
7289, 181
7293, 181
7296, 181
7304, 181
7309, 181
7312, 181
7316, 181
7321, 181
7324, 181
7327, 181
7332, 181
7336, 181
7340, 181
7344, 181
7348, 181
7352, 181
7355, 181
7359, 181
7362, 181
7366, 181
7370, 181
7373, 181
7377, 181
7382, 181
7386, 181
7390, 181
7393, 181
7397, 181
7401, 181
7404, 181
7408, 181
7412, 181
7416, 181
7430, 181
7434, 181
7439, 181
7442, 181
7446, 181
7452, 181
7456, 181
7460, 181
7463, 181
7467, 181
7471, 181
7475, 181
7480, 181
7483, 181
7489, 181
7492, 181
7496, 181
7500, 181
7505, 181
7510, 181
7513, 181
7517, 181
7521, 181
7525, 181
7530, 181
7533, 181
7539, 181
7543, 181
7546, 181
7550, 181
7553, 181
7557, 181
7561, 181
7565, 181
7569, 181
7572, 181
7576, 181
7580, 181
7584, 181
7587, 181
7592, 181
7596, 181
7600, 181
7603, 181
7609, 181
7612, 181
7615, 181
7620, 181
7623, 181
7626, 181
7631, 181
7634, 181
7637, 181
7643, 181
7647, 181
7651, 181
7654, 181
7657, 181
7662, 181
7665, 181
7669, 181
7674, 181
7677, 181
7681, 181
7684, 181
7689, 181
7693, 181
7696, 181
7705, 181
7710, 181
7713, 181
7716, 181
7721, 181
7724, 181
7729, 181
7732, 181
7736, 181
7740, 181
7744, 181
7749, 181
7752, 181
7755, 181
7760, 181
7762, 181
7766, 181
7771, 181
7774, 181
7779, 181
7782, 181
7786, 181
7790, 181
7794, 181
7799, 181
7803, 181
7806, 181
7810, 181
7813, 181
7817, 181
7821, 181
7825, 181
7829, 181
7832, 181
7836, 181
7840, 181
7845, 181
7850, 181
7853, 181
7856, 181
7860, 181
7865, 181
7867, 181
7872, 181
7875, 181
7880, 181
7883, 181
7886, 181
7891, 181
7894, 181
7900, 181
7903, 181
7907, 181
7911, 181
7914, 181
7919, 181
7922, 181
7925, 181
7931, 181
7935, 181
7939, 181
7942, 181
7946, 181
7951, 181
7954, 181
7959, 181
7963, 181
7966, 181
7970, 181
7974, 181
7977, 181
7981, 181
7984, 181
7987, 181
7992, 181
7997, 181
8001, 181
8004, 181
8007, 181
8012, 181
8015, 181
8019, 181
8022, 181
8026, 181
8031, 181
8034, 181
8039, 181
8042, 181
8045, 181
8051, 181
8054, 181
8059, 181
8063, 181
8066, 181
8070, 181
8073, 181
8077, 181
8081, 181
8084, 181
8089, 181
8092, 181
8096, 181
8105, 181
8110, 181
8114, 181
8117, 181
8121, 181
8125, 181
8129, 181
8132, 181
8136, 181
8140, 181
8144, 181
8147, 181
8152, 181
8156, 181
8160, 181
8164, 181
8167, 181
8176, 181
8180, 181
8184, 181
8189, 181
8192, 181
8195, 181
8201, 181
8204, 181
8208, 181
8212, 181
8215, 181
8220, 181
8223, 181
8227, 181
8231, 181
8235, 181
8238, 181
8242, 181
8245, 181
8250, 181
8255, 181
8260, 181
8262, 181
8266, 181
8270, 181
8274, 181
8277, 181
8281, 181
8286, 181
8290, 181
8293, 181
8297, 181
8301, 181
8305, 181
8310, 181
8313, 181
8316, 181
8321, 181
8324, 181
8329, 181
8332, 181
8335, 181
8340, 181
8343, 181
8347, 181
8351, 181
8356, 181
8360, 181
8363, 181
8367, 181
8371, 181
8374, 181
8377, 181
8382, 181
8386, 181
8390, 181
8393, 181
8396, 181
8401, 181
8405, 181
8409, 181
8412, 181
8417, 181
8421, 181
8424, 181
8427, 181
8432, 181
8435, 181
8439, 181
8442, 181
8446, 181
8451, 181
8455, 181
8460, 181
8463, 181
8466, 181
8470, 181
8474, 181
8477, 181
8493, 181
8496, 181
8504, 181
8511, 181
8516, 181
8520, 181
8524, 181
8527, 181
8531, 181
8535, 181
8539, 181
8542, 181
8545, 181
8550, 181
8558, 181
8561, 181
8565, 181
8570, 181
8573, 181
8577, 181
8582, 181
8585, 181
8589, 181
8592, 181
8596, 181
8600, 181
8604, 181
8609, 181
8613, 181
8616, 181
8620, 181
8624, 181
8627, 181
8632, 181
8635, 181
8639, 181
8642, 181
8646, 181
8651, 181
8654, 181
8659, 181
8663, 181
8666, 181
8670, 181
8673, 181
8678, 181
8681, 181
8685, 181
8690, 181
8692, 181
8696, 181
8700, 181
8704, 181
8707, 181
8713, 181
8716, 181
8721, 181
8724, 181
8727, 181
8731, 181
8735, 181
8739, 181
8742, 181
8746, 181
8750, 181
8754, 181
8758, 181
8763, 181
8766, 181
8770, 181
8774, 181
8779, 181
8782, 181
8785, 181
8790, 181
8793, 181
8796, 181
8800, 181
8804, 181
8807, 181
8813, 181
8817, 181
8821, 181
8825, 181
8827, 181
8832, 181
8835, 181
8840, 181
8844, 181
8847, 181
8851, 181
8854, 181
8859, 181
8863, 181
8866, 181
8871, 181
8875, 181
8879, 181
8882, 181
8886, 181
8890, 181
8893, 181
8897, 181
8901, 181
8910, 181
8915, 181
8919, 181
8922, 181
8926, 181
8932, 181
8935, 181
8940, 181
8943, 181
8946, 181
8950, 181
8954, 181
8957, 181
8962, 181
8966, 181
8970, 181
8974, 181
8978, 181
8982, 181
8985, 181
8989, 181
8992, 181
8996, 181
9000, 181
9004, 181
9008, 181
9012, 181
9016, 181
9021, 181
9024, 181
9027, 181
9032, 181
9035, 181
9040, 181
9043, 181
9046, 181
9051, 181
9054, 181
9058, 181
9062, 181
9066, 181
9071, 181
9074, 181
9079, 181
9082, 181
9085, 181
9090, 181
9093, 181
9096, 181
9101, 181
9105, 181
9109, 181
9112, 181
9117, 181
9121, 181
9124, 181
9129, 181
9132, 181
9136, 181
9140, 181
9143, 181
9146, 181
9150, 181
9154, 181
9157, 181
9162, 181
9165, 181
9171, 181
9174, 181
9178, 181
9181, 181
9185, 181
9189, 181
9193, 181
9196, 181
9200, 181
9204, 181
9207, 181
9211, 181
9215, 181
9220, 181
9223, 181
9227, 181
9231, 181
9235, 181
9240, 181
9242, 181
9246, 181
9250, 181
9254, 181
9257, 181
9261, 181
9265, 181
9271, 181
9274, 181
9277, 181
9281, 181
9285, 181
9289, 181
9292, 181
9296, 181
9301, 181
9309, 181
9313, 181
9316, 181
9322, 181
9325, 181
9329, 181
9333, 181
9336, 181
9341, 181
9344, 181
9349, 181
9352, 181
9355, 181
9360, 181
9364, 181
9367, 181
9372, 181
9376, 181
9380, 181
9383, 181
9387, 181
9391, 181
9395, 181
9400, 181
9403, 181
9406, 181
9410, 181
9414, 181
9417, 181
9422, 181
9427, 181
9431, 181
9434, 181
9437, 181
9442, 181
9445, 181
9449, 181
9452, 181
9456, 181
9460, 181
9464, 181
9467, 181
9472, 181
9476, 181
9480, 181
9484, 181
9486, 181
9492, 181
9496, 181
9500, 181
9514, 181
9519, 181
9522, 181
9527, 181
9532, 181
9535, 181
9540, 181
9544, 181
9547, 181
9551, 181
9555, 181
9559, 181
9566, 181
9570, 181
9574, 181
9579, 181
9582, 181
9586, 181
9591, 181
9594, 181
9599, 181
9602, 181
9605, 181
9610, 181
9613, 181
9616, 181
9621, 181
9626, 181
9630, 181
9633, 181
9636, 181
9640, 181
9644, 181
9647, 181
9652, 181
9656, 181
9660, 181
9663, 181
9666, 181
9671, 181
9674, 181
9680, 181
9683, 181
9687, 181
9691, 181
9694, 181
9698, 181
9702, 181
9710, 181
9714, 181
9717, 181
9722, 181
9727, 181
9731, 181
9734, 181
9739, 181
9742, 181
9746, 181
9750, 181
9754, 181
9757, 181
9761, 181
9765, 181
9769, 181
9773, 181
9776, 181
9781, 181
9785, 181
9790, 181
9792, 181
9796, 181
9801, 181
9804, 181
9808, 181
9812, 181
9816, 181
9820, 181
9823, 181
9827, 181
9832, 181
9835, 181
9840, 181
9843, 181
9847, 181
9852, 181
9855, 181
9860, 181
9863, 181
9866, 181
9870, 181
9874, 181
9877, 181
9883, 181
9886, 181
9891, 181
9894, 181
9897, 181
9901, 181
9904, 181
9909, 181
9912, 181
9916, 181
9920, 181
9923, 181
9926, 181
9933, 181
9936, 181
9940, 181
9944, 181
9949, 181
9952, 181
9956, 181
9960, 181
9963, 181
9967, 181
9971, 181
9974, 181
9978, 181
9983, 181
9986, 181
9991, 181
9994, 181
9999, 181
10002, 181
