target, 180
time_mill, angle
3405, 0
3411, 0
3414, 0
3419, 0
3422, 0
3425, 0
3430, 1
3433, 1
3439, 1
3442, 1
3446, 2
3450, 2
3453, 3
3457, 3
3461, 4
3464, 4
3469, 5
3472, 5
3476, 6
3480, 7
3483, 7
3489, 8
3492, 9
3495, 9
3499, 10
3504, 11
3508, 11
3511, 12
3515, 13
3519, 13
3522, 14
3525, 15
3530, 15
3533, 16
3539, 17
3543, 18
3546, 19
3551, 19
3553, 20
3558, 21
3562, 22
3565, 22
3570, 23
3573, 24
3578, 25
3581, 25
3584, 26
3590, 27
3593, 28
3598, 29
3602, 29
3605, 30
3609, 31
3613, 31
3616, 32
3620, 33
3624, 33
3628, 35
3631, 35
3636, 36
3641, 37
3644, 37
3649, 38
3652, 39
3656, 39
3660, 40
3664, 41
3669, 42
3672, 43
3675, 43
3680, 44
3683, 45
3686, 45
3691, 46
3695, 47
3700, 47
3704, 48
3708, 49
3711, 49
3715, 50
3719, 51
3722, 51
3725, 52
3733, 53
3739, 54
3744, 55
3748, 55
3752, 56
3755, 57
3760, 57
3763, 58
3768, 59
3771, 59
3786, 61
3791, 62
3795, 63
3800, 63
3803, 64
3807, 65
3811, 65
3815, 66
3819, 67
3822, 67
3826, 67
3832, 68
3835, 69
3842, 70
3847, 70
3850, 71
3854, 71
3858, 72
3863, 73
3866, 73
3870, 73
3873, 74
3878, 75
3881, 75
3884, 75
3889, 76
3892, 77
3898, 77
3901, 77
3905, 78
3909, 79
3913, 79
3916, 79
3920, 80
3923, 80
3929, 81
3931, 81
3935, 82
3939, 82
3943, 83
3949, 83
3952, 84
3955, 84
3960, 85
3964, 85
3968, 86
3971, 86
3975, 86
3979, 87
3982, 87
3986, 88
3991, 88
3995, 89
4000, 89
4003, 89
4008, 90
4011, 91
4014, 91
4019, 91
4022, 92
4026, 92
4030, 93
4033, 93
4038, 93
4041, 94
4045, 94
4050, 95
4053, 95
4058, 95
4062, 96
4065, 96
4069, 97
4073, 97
4076, 97
4080, 97
4084, 98
4089, 99
4092, 99
4095, 99
4100, 99
4104, 100
4108, 100
4111, 101
4115, 101
4119, 101
4123, 101
4128, 102
4135, 103
4139, 103
4143, 103
4147, 104
4152, 104
4155, 105
4160, 105
4164, 105
4168, 105
4171, 106
4175, 106
4179, 107
4182, 107
4188, 107
4191, 107
4194, 108
4200, 108
4203, 109
4208, 109
4211, 109
4214, 109
4219, 110
4223, 110
4226, 110
4230, 111
4234, 111
4238, 111
4241, 111
4245, 112
4251, 112
4255, 113
4259, 113
4262, 113
4266, 113
4270, 114
4273, 114
4277, 114
4281, 115
4285, 115
4289, 115
4292, 115
4296, 115
4301, 116
4304, 116
4309, 116
4312, 117
4317, 117
4320, 117
4324, 117
4328, 118
4331, 118
4335, 118
4339, 119
4343, 119
4346, 119
4352, 119
4355, 119
4360, 120
4363, 120
4366, 120
4371, 121
4374, 121
4379, 121
4383, 121
4386, 121
4390, 122
4394, 122
4398, 122
4401, 122
4405, 123
4409, 123
4414, 123
4419, 123
4421, 123
4425, 124
4429, 124
4433, 124
4436, 125
4440, 125
4445, 125
4449, 125
4453, 125
4456, 125
4461, 126
4464, 126
4468, 126
4471, 127
4475, 127
4479, 127
4483, 127
4487, 127
4491, 127
4494, 127
4498, 128
4501, 128
4507, 128
4511, 129
4514, 129
4519, 129
4522, 129
4526, 129
4530, 129
4539, 130
4542, 130
4546, 130
4550, 131
4555, 131
4559, 131
4563, 131
4566, 131
4570, 131
4574, 131
4579, 132
4582, 132
4585, 132
4590, 132
4593, 132
4596, 133
4601, 133
4604, 133
4610, 133
4613, 133
4617, 133
4621, 133
4624, 134
4628, 134
4631, 134
4635, 134
4640, 134
4643, 135
4648, 135
4651, 135
4655, 135
4660, 135
4663, 135
4668, 135
4672, 135
4675, 136
4679, 136
4682, 136
4686, 136
4690, 136
4693, 137
4697, 137
4701, 137
4705, 137
4711, 137
4713, 137
4718, 137
4721, 137
4725, 137
4729, 138
4733, 138
4738, 138
4741, 138
4744, 138
4749, 139
4752, 139
4756, 139
4761, 139
4764, 139
4769, 139
4773, 139
4776, 139
4780, 140
4783, 140
4786, 140
4791, 140
4794, 140
4798, 140
4806, 141
4819, 141
4823, 141
4826, 141
4832, 141
4835, 141
4840, 141
4843, 141
4848, 142
4851, 142
4855, 142
4859, 142
4865, 142
4869, 142
4872, 142
4875, 143
4882, 143
4885, 143
4890, 143
4893, 143
4898, 143
4902, 143
4905, 143
4910, 143
4914, 143
4918, 143
4922, 144
4925, 144
4930, 144
4939, 144
4942, 144
4945, 144
4949, 145
4953, 145
4956, 145
4962, 145
4967, 145
4970, 145
4974, 145
4978, 145
4981, 145
4985, 145
4989, 145
4993, 146
4997, 146
5001, 146
5004, 146
5008, 146
5011, 146
5016, 146
5020, 147
5023, 147
5029, 147
5032, 147
5035, 147
5040, 147
5043, 147
5046, 147
5051, 147
5054, 147
5059, 147
5063, 147
5068, 147
5075, 147
5080, 147
5083, 147
5087, 148
5092, 148
5095, 148
5101, 148
5104, 148
5109, 148
5112, 148
5118, 148
5122, 148
5125, 148
5131, 148
5134, 149
5139, 149
5142, 149
5145, 149
5151, 149
5155, 149
5159, 149
5162, 149
5168, 149
5171, 149
5174, 149
5179, 149
5182, 149
5186, 149
5190, 149
5194, 149
5198, 149
5201, 150
5204, 150
5209, 150
5212, 150
5218, 150
5222, 150
5225, 150
5229, 150
5232, 150
5236, 150
5240, 151
5244, 151
5247, 151
5251, 151
5255, 151
5259, 151
5263, 151
5269, 151
5271, 151
5275, 151
5279, 151
5283, 151
5288, 151
5291, 151
5295, 151
5299, 151
5302, 151
5305, 151
5310, 152
5313, 152
5319, 152
5323, 152
5325, 152
5330, 152
5333, 152
5341, 152
5345, 152
5350, 152
5353, 152
5356, 152
5360, 152
5364, 152
5368, 153
5373, 153
5376, 153
5381, 153
5384, 153
5389, 153
5392, 153
5395, 153
5399, 153
5403, 153
5406, 153
5411, 153
5414, 153
5419, 153
5423, 153
5426, 153
5430, 153
5434, 153
5438, 153
5441, 153
5445, 153
5450, 153
5453, 153
5458, 153
5461, 153
5464, 153
5469, 154
5473, 154
5478, 154
5481, 154
5485, 154
5489, 154
5492, 154
5496, 154
5500, 154
5504, 154
5508, 154
5512, 154
5515, 154
5519, 154
5524, 154
5528, 154
5532, 154
5535, 154
5539, 154
5543, 154
5548, 154
5551, 154
5555, 154
5559, 154
5562, 154
5566, 154
5570, 154
5575, 154
5580, 154
5583, 154
5587, 154
5590, 154
5594, 154
5599, 154
5602, 154
5605, 154
5610, 154
5613, 154
5617, 154
5621, 154
5625, 154
5630, 154
5633, 154
5636, 154
5641, 154
5644, 154
5649, 154
5652, 154
5655, 154
5659, 154
5663, 154
5666, 154
5671, 154
5676, 154
5680, 154
5683, 154
5687, 154
5691, 154
5694, 154
5698, 154
5701, 154
5706, 154
5710, 154
5713, 154
5718, 154
5721, 154
5725, 154
5730, 154
5733, 154
5742, 154
5745, 154
5750, 154
5753, 154
5758, 154
5761, 154
5764, 154
5769, 154
5773, 154
5778, 154
5781, 154
5785, 154
5789, 154
5792, 154
5796, 154
5801, 154
5804, 154
5809, 154
5812, 154
5815, 154
5819, 154
5823, 154
5829, 154
5833, 154
5837, 154
5841, 154
5844, 154
5848, 154
5852, 154
5855, 154
5863, 154
5868, 154
5871, 154
5874, 154
5886, 154
5891, 154
5894, 154
5899, 154
5902, 154
5905, 154
5910, 154
5913, 154
5916, 154
5921, 154
5924, 154
5929, 154
5933, 154
5936, 154
5941, 154
5944, 154
5949, 154
5952, 154
5955, 154
5960, 154
5966, 154
5970, 154
5973, 154
5976, 154
5982, 154
5985, 154
5990, 154
5993, 154
5998, 154
6001, 154
6005, 154
6009, 154
6013, 154
6016, 154
6020, 154
6023, 154
6028, 154
6033, 154
6036, 154
6040, 154
6043, 154
6048, 154
6051, 154
6055, 154
6059, 154
6063, 154
6066, 154
6070, 154
6074, 154
6078, 154
6083, 154
6086, 154
6090, 154
6094, 154
6098, 154
6101, 154
6105, 154
6109, 154
6113, 154
6116, 154
6120, 154
6123, 154
6128, 154
6133, 154
6136, 154
6145, 154
6149, 154
6152, 154
6156, 154
6160, 154
6164, 154
6169, 154
6172, 154
6175, 154
6179, 154
6185, 154
6189, 154
6192, 154
6195, 154
6200, 154
6203, 154
6208, 154
6211, 154
6214, 154
6219, 154
6222, 154
6226, 154
6230, 154
6235, 154
6239, 154
6242, 154
6246, 154
6250, 154
6254, 154
6259, 154
6262, 154
6265, 154
6269, 154
6273, 154
6276, 154
6281, 154
6286, 154
6290, 154
6293, 154
6296, 154
6301, 154
6304, 154
6308, 154
6311, 154
6315, 154
6320, 154
6323, 154
6328, 154
6331, 154
6335, 154
6340, 154
6342, 154
6346, 154
6351, 154
6355, 154
6359, 154
6362, 154
6366, 154
6370, 154
6373, 154
6377, 154
6381, 154
6386, 154
6390, 154
6393, 154
6396, 154
6401, 154
6404, 154
6408, 154
6411, 154
6415, 154
6420, 154
6423, 154
6426, 154
6431, 154
6434, 154
6439, 154
6442, 154
6445, 154
6450, 154
6454, 154
6458, 154
6461, 154
6465, 154
6470, 154
6473, 154
6476, 154
6481, 154
6484, 154
6490, 154
6493, 154
6496, 154
6500, 154
6503, 154
6508, 154
6511, 154
6515, 154
6519, 154
6522, 154
6526, 154
6530, 154
6533, 154
6542, 154
6546, 154
6551, 154
6554, 154
6558, 154
6561, 154
6565, 154
6569, 154
6573, 154
6578, 154
6581, 154
6585, 154
6589, 154
6593, 154
6596, 154
6600, 154
6603, 154
6609, 154
6612, 154
6615, 154
6620, 154
6623, 154
6626, 154
6630, 154
6634, 154
6638, 154
6643, 154
6646, 154
6651, 154
6654, 154
6658, 154
6661, 154
6665, 154
6669, 154
6673, 154
6677, 154
6681, 154
6684, 154
6689, 154
6693, 154
6696, 154
6700, 154
6704, 154
6709, 154
6712, 154
6715, 154
6720, 154
6723, 154
6726, 154
6731, 154
6734, 154
6738, 154
6743, 154
6747, 154
6751, 154
6754, 154
6759, 154
6762, 154
6765, 154
6769, 154
6774, 154
6778, 154
6781, 154
6784, 154
6788, 154
6793, 154
6797, 154
6801, 154
6804, 154
6809, 154
6812, 154
6815, 154
6820, 154
6823, 154
6828, 154
6832, 154
6835, 154
6840, 154
6844, 154
6849, 154
6852, 154
6855, 154
6859, 154
6863, 154
6866, 154
6871, 154
6874, 154
6879, 154
6882, 154
6885, 154
6889, 154
6894, 154
6899, 154
6902, 154
6916, 154
6920, 154
6924, 154
6928, 154
6932, 154
6935, 154
6946, 154
6950, 154
6954, 154
6958, 154
6961, 154
6965, 154
6970, 154
6973, 154
6979, 154
6983, 154
6986, 154
6990, 154
6993, 154
6999, 154
7003, 154
7008, 154
7011, 154
7015, 154
7019, 154
7022, 154
7025, 154
7029, 154
7033, 154
7038, 154
7041, 154
7045, 154
7050, 154
7053, 154
7057, 154
7060, 154
7064, 154
7069, 154
7072, 154
7075, 154
7079, 154
7083, 154
7086, 154
7091, 154
7094, 154
7100, 154
7103, 154
7106, 154
7110, 154
7114, 154
7118, 154
7121, 154
7125, 154
7129, 154
7133, 154
7137, 154
7140, 154
7144, 154
7149, 154
7153, 154
7156, 154
7160, 154
7164, 154
7168, 154
7171, 154
7175, 154
7179, 154
7183, 154
7186, 154
7190, 154
7193, 154
7199, 154
7203, 154
7206, 154
7211, 154
7214, 154
7219, 154
7222, 154
7225, 154
7230, 154
7233, 154
7238, 154
7241, 154
7244, 154
7250, 154
7254, 154
7258, 154
7261, 154
7265, 154
7269, 154
7273, 154
7276, 154
7280, 154
7283, 154
7288, 154
7291, 154
7295, 154
7301, 154
7304, 154
7309, 154
7312, 154
7315, 154
7319, 154
7323, 154
7328, 154
7331, 154
7335, 154
7339, 154
7346, 154
7352, 154
7355, 154
7360, 154
7363, 154
7368, 154
7371, 154
7374, 154
7379, 154
7382, 154
7385, 154
7389, 154
7394, 154
7398, 154
7402, 154
7406, 154
7410, 154
7414, 154
7417, 154
7421, 154
7425, 154
7429, 154
7433, 154
7436, 154
7441, 154
7444, 154
7448, 154
7451, 154
7457, 154
7460, 154
7464, 154
7468, 154
7471, 154
7475, 154
7479, 154
7482, 154
7486, 154
7491, 154
7494, 154
7499, 154
7503, 154
7508, 154
7511, 154
7514, 154
7519, 154
7522, 154
7526, 154
7530, 154
7534, 154
7538, 154
7541, 154
7545, 154
7549, 154
7552, 154
7559, 154
7562, 154
7565, 154
7569, 154
7573, 154
7576, 154
7581, 154
7583, 154
7589, 154
7592, 154
7595, 154
7600, 154
7603, 154
7609, 154
7612, 154
7615, 154
7621, 154
7624, 154
7628, 154
7631, 154
7635, 154
7640, 154
7643, 154
7646, 154
7650, 154
7655, 154
7660, 154
7663, 154
7668, 154
7670, 154
7674, 154
7678, 154
7681, 154
7685, 154
7689, 154
7693, 154
7696, 154
7701, 154
7704, 154
7709, 154
7712, 154
7715, 154
7720, 154
7724, 154
7728, 154
7731, 154
7735, 154
7739, 154
7748, 154
7752, 154
7755, 154
7761, 154
7764, 154
7768, 154
7771, 154
7775, 154
7779, 154
7783, 154
7786, 154
7791, 154
7794, 154
7798, 154
7801, 154
7805, 154
7810, 154
7814, 154
7818, 154
7821, 154
7825, 154
7830, 154
7833, 154
7838, 154
7841, 154
7844, 154
7850, 154
7853, 154
7857, 154
7862, 154
7865, 154
7869, 154
7873, 154
7876, 154
7881, 154
7884, 154
7889, 154
7892, 154
7895, 154
7899, 154
7903, 154
7906, 154
7912, 154
7915, 154
7920, 154
7923, 154
7926, 154
7930, 154
7934, 154
7938, 154
7941, 154
7945, 154
7953, 154
7957, 154
7961, 154
7965, 154
7970, 154
7983, 154
7988, 154
7991, 154
7994, 154
7999, 154
8002, 154
8006, 154
8010, 154
8015, 154
8021, 154
8023, 154
8028, 154
8031, 154
8038, 154
8041, 154
8045, 154
8049, 154
8052, 154
8056, 154
8060, 154
8065, 154
8074, 154
8079, 154
8083, 154
8086, 154
8090, 154
8093, 154
8098, 154
8101, 154
8105, 154
8110, 154
8113, 154
8118, 154
8121, 154
8125, 154
8129, 154
8132, 154
8136, 154
8140, 154
8150, 154
8153, 154
8157, 154
8160, 154
8165, 154
8169, 154
8173, 154
8178, 154
8181, 154
8184, 154
8189, 154
8192, 154
8195, 154
8199, 154
8203, 154
8208, 154
8211, 154
8216, 154
8221, 154
8224, 154
8228, 154
8231, 154
8235, 154
8240, 154
8243, 154
8248, 154
8251, 154
8254, 154
8259, 154
8262, 154
8267, 154
8272, 154
8275, 154
8280, 154
8283, 154
8286, 154
8290, 154
8294, 154
8298, 154
8301, 154
8305, 154
8309, 154
8313, 154
8316, 154
8322, 154
8325, 154
8329, 154
8333, 154
8338, 154
8341, 154
8344, 154
8349, 154
8352, 154
8355, 154
8359, 154
8363, 154
8366, 154
8372, 154
8375, 154
8380, 154
8383, 154
8388, 154
8391, 154
8394, 154
8406, 154
8411, 154
8414, 154
8419, 154
8423, 154
8426, 154
8431, 154
8434, 154
8439, 154
8442, 154
8445, 154
8450, 154
8453, 154
8457, 154
8460, 154
8464, 154
8468, 154
8473, 154
8477, 154
8480, 154
8484, 154
8487, 154
8491, 154
8494, 154
8498, 154
8503, 154
8506, 154
8510, 154
8513, 154
8518, 154
8522, 154
8525, 154
8530, 154
8534, 154
8539, 154
8541, 154
8550, 154
8553, 154
8556, 154
8561, 154
8564, 154
8569, 154
8574, 154
8578, 154
8581, 154
8585, 154
8589, 154
8592, 154
8595, 154
8600, 154
8604, 154
8608, 154
8611, 154
8615, 154
8618, 154
8623, 154
8627, 154
8631, 154
8635, 154
8639, 154
8642, 154
8646, 154
8650, 154
8654, 154
8656, 154
8661, 154
8666, 154
8669, 154
8674, 154
8679, 154
8682, 154
8685, 154
8690, 154
8693, 154
8698, 154
8701, 154
8705, 154
8709, 154
8712, 154
8715, 154
8720, 154
8724, 154
8729, 154
8732, 154
8736, 154
8740, 154
8743, 154
8747, 154
8751, 154
8754, 154
8758, 154
8762, 154
8766, 154
8770, 154
8773, 154
8779, 154
8782, 154
8785, 154
8789, 154
8793, 154
8798, 154
8801, 154
8805, 154
8809, 154
8812, 154
8815, 154
8820, 154
8823, 154
8830, 154
8833, 154
8836, 154
8841, 154
8844, 154
8849, 154
8852, 154
8855, 154
8860, 154
8863, 154
8868, 154
8871, 154
8874, 154
8880, 154
8883, 154
8887, 154
8892, 154
8895, 154
8899, 154
8902, 154
8906, 154
8910, 154
8914, 154
8918, 154
8921, 154
8925, 154
8930, 154
8934, 154
8938, 154
8941, 154
8950, 154
8953, 154
8958, 154
8962, 154
8965, 154
8970, 154
8973, 154
8977, 154
8982, 154
8985, 154
8990, 154
8993, 154
8998, 154
9005, 154
9009, 154
9012, 154
9015, 154
9021, 154
9025, 154
9037, 154
9041, 154
9044, 154
9049, 154
9053, 154
9058, 154
9061, 154
9065, 154
9070, 154
9073, 154
9078, 154
9082, 154
9086, 154
9091, 154
9095, 154
9099, 154
9102, 154
9105, 154
9113, 154
9116, 154
9121, 154
9124, 154
9129, 154
9134, 154
9138, 154
9141, 154
9144, 154
9149, 154
9152, 154
9155, 154
9160, 154
9163, 154
9168, 154
9171, 154
9174, 154
9179, 154
9183, 154
9188, 154
9191, 154
9195, 154
9199, 154
9202, 154
9206, 154
9210, 154
9214, 154
9219, 154
9222, 154
9225, 154
9229, 154
9234, 154
9239, 154
9242, 154
9246, 154
9250, 154
9254, 154
9258, 154
9261, 154
9265, 154
9269, 154
9273, 154
9276, 154
9281, 154
9285, 154
9290, 154
9293, 154
9296, 154
9301, 154
9304, 154
9308, 154
9312, 154
9315, 154
9319, 154
9323, 154
9326, 154
9331, 154
9334, 154
9339, 154
9342, 154
9351, 154
9354, 154
9358, 154
9361, 154
9365, 154
9369, 154
9373, 154
9377, 154
9381, 154
9384, 154
9389, 154
9392, 154
9396, 154
9400, 154
9403, 154
9408, 154
9412, 154
9415, 154
9419, 154
9422, 154
9426, 154
9430, 154
9433, 154
9439, 154
9442, 154
9446, 154
9450, 154
9453, 154
9456, 154
9461, 154
9464, 154
9468, 154
9471, 154
9476, 154
9480, 154
9483, 154
9488, 154
9492, 154
9495, 154
9499, 154
9502, 154
9507, 154
9510, 154
9514, 154
9518, 154
9522, 154
9525, 154
9529, 154
9533, 154
9536, 154
9542, 154
9545, 154
9550, 154
9553, 154
9558, 154
9561, 154
9564, 154
9569, 154
9572, 154
9576, 154
9580, 154
9583, 154
9587, 154
9592, 154
9595, 154
9599, 154
9603, 154
9608, 154
9611, 154
9614, 154
9619, 154
9622, 154
9625, 154
9630, 154
9633, 154
9636, 154
9642, 154
9646, 154
9650, 154
9654, 154
9658, 154
9661, 154
9665, 154
9669, 154
9673, 154
9676, 154
9680, 154
9684, 154
9688, 154
9693, 154
9696, 154
9700, 154
9703, 154
9709, 154
9712, 154
9715, 154
9719, 154
9723, 154
9726, 154
9730, 154
9734, 154
9739, 154
9743, 154
9751, 154
9755, 154
9759, 154
9762, 154
9771, 154
9775, 154
9780, 154
9783, 154
9787, 154
9790, 154
9795, 154
9800, 154
9804, 154
9808, 154
9811, 154
9815, 154
9819, 154
9823, 154
9826, 154
9831, 154
9836, 154
9840, 154
9844, 154
9849, 154
9852, 154
9855, 154
9860, 154
9863, 154
9868, 154
9871, 154
9875, 154
9879, 154
9882, 154
9885, 154
9890, 154
9893, 154
9899, 154
9902, 154
9906, 154
9910, 154
9913, 154
9917, 154
9921, 154
9924, 154
9928, 154
9932, 154
9935, 154
9940, 154
9943, 154
9949, 154
9952, 154
9955, 154
9959, 154
9963, 154
9968, 154
9971, 154
9975, 154
9979, 154
9983, 154
9985, 154
9990, 154
9993, 154
9999, 154
10003, 154
