target, 180
time_mill, angle
3416, 0
3421, 0
3424, 1
3427, 1
3432, 1
3435, 1
3441, 3
3445, 3
3448, 5
3453, 6
3456, 7
3461, 9
3464, 11
3467, 12
3473, 15
3476, 17
3481, 19
3483, 21
3487, 23
3491, 26
3496, 29
3500, 32
3504, 35
3508, 37
3512, 40
3516, 43
3520, 46
3523, 49
3527, 51
3531, 55
3535, 57
3539, 61
3543, 65
3548, 68
3552, 71
3555, 75
3558, 77
3563, 81
3566, 84
3571, 88
3574, 91
3577, 94
3582, 98
3585, 101
3590, 105
3594, 110
3600, 114
3604, 117
3607, 121
3611, 124
3615, 128
3618, 131
3623, 135
3626, 138
3635, 146
3640, 151
3643, 154
3647, 159
3653, 163
3656, 166
3661, 171
3663, 173
3668, 177
3673, 182
3676, 185
3680, 189
3683, 191
3687, 194
3691, 197
3695, 199
3701, 203
3704, 205
3708, 207
3712, 208
3715, 209
3719, 211
3723, 212
3726, 213
3731, 213
3735, 214
3737, 215
3742, 215
3745, 215
3751, 215
3754, 214
3757, 214
3761, 213
3766, 212
3771, 211
3773, 210
3777, 209
3781, 207
3785, 206
3788, 205
3793, 202
3797, 201
3802, 197
3805, 196
3810, 193
3814, 191
3817, 189
3821, 186
3824, 184
3844, 171
3850, 167
3854, 164
3857, 163
3863, 160
3866, 158
3871, 157
3874, 155
3877, 154
3881, 153
3885, 153
3889, 152
3893, 151
3900, 151
3905, 151
3910, 152
3913, 152
3916, 153
3921, 154
3925, 155
3929, 157
3933, 158
3936, 159
3941, 161
3944, 162
3947, 164
3952, 167
3957, 169
3961, 172
3965, 174
3969, 177
3972, 179
3976, 181
3980, 183
3984, 186
3987, 187
3992, 190
3995, 191
4000, 193
4003, 194
4008, 195
4012, 197
4015, 197
4020, 198
4023, 198
4027, 198
4037, 198
4047, 197
4052, 195
4063, 193
4066, 191
4071, 189
4077, 186
4081, 184
4085, 183
4091, 180
4094, 178
4097, 177
4101, 175
4105, 173
4111, 171
4117, 170
4121, 169
4125, 168
4128, 168
4133, 168
4136, 168
4141, 168
4144, 168
4147, 169
4153, 169
4156, 170
4161, 171
4164, 172
4168, 173
4172, 175
4175, 176
4178, 178
4183, 179
4187, 181
4191, 183
4195, 184
4198, 185
4202, 186
4205, 187
4211, 188
4214, 188
4218, 189
4222, 189
4226, 189
4230, 188
4234, 188
4237, 187
4241, 186
4244, 185
4250, 184
4253, 183
4256, 182
4262, 180
4265, 179
4270, 178
4273, 177
4276, 176
4281, 175
4285, 175
4288, 174
4292, 174
4296, 173
4301, 173
4304, 174
4307, 174
4314, 175
4317, 176
4321, 177
4325, 178
4328, 179
4332, 180
4335, 181
4339, 181
4343, 182
4347, 183
4351, 184
4354, 184
4358, 185
4363, 185
4366, 185
4371, 185
4374, 184
4378, 184
4382, 183
4385, 183
4388, 182
4393, 181
4396, 181
4400, 180
4403, 179
4407, 179
4413, 178
4416, 177
4421, 177
4424, 177
4427, 177
4437, 177
4447, 177
4452, 177
4455, 178
4461, 179
4467, 179
4471, 180
4475, 181
4479, 181
4483, 181
4486, 182
4491, 182
4493, 182
4497, 182
4504, 182
4507, 182
4512, 182
4516, 182
4521, 181
4524, 181
4527, 181
4531, 181
4535, 180
4540, 180
4543, 180
4547, 179
4551, 179
4555, 179
4557, 179
4562, 179
4567, 179
4571, 179
4575, 179
4578, 179
4583, 179
4586, 179
4590, 179
4595, 179
4597, 180
4603, 180
4606, 180
4611, 181
4614, 181
4618, 181
4623, 181
4626, 181
4630, 181
4633, 181
4637, 181
4642, 181
4645, 180
4650, 180
4653, 180
4656, 180
4661, 180
4664, 180
4670, 179
4674, 179
4677, 179
4681, 179
4685, 179
4689, 179
4692, 179
4696, 179
4701, 180
4704, 180
4707, 180
4711, 180
4715, 180
4721, 180
4724, 180
4727, 180
4731, 181
4736, 181
4740, 181
4743, 181
4747, 181
4751, 180
4754, 180
4757, 180
4762, 180
4766, 180
4771, 180
4774, 180
4777, 180
4781, 180
4785, 180
4788, 180
4793, 180
4796, 180
4801, 180
4804, 180
4807, 180
4811, 180
4815, 180
4821, 180
4823, 180
4827, 180
4843, 180
4847, 180
4851, 180
4860, 180
4865, 180
4877, 181
4885, 181
4889, 181
4893, 180
4897, 180
4901, 180
4905, 180
4908, 180
4913, 180
4916, 180
4921, 180
4925, 180
4928, 180
4933, 180
4936, 180
4940, 180
4943, 180
4946, 180
4951, 180
4954, 180
4959, 180
4962, 180
4966, 180
4970, 180
4975, 180
4978, 180
4982, 180
4985, 180
4990, 180
4994, 180
4997, 180
5001, 180
