-2.0425 0.001 0 0
-2.0425 0.011 0 0
-2.0425 0.018 -2 -1
-2.0425 0.024 -7 -1
-2.0425 0.032 -14 -2
-2.0425 0.041 -73 -3
-2.0425 0.049 -92 -4
-2.0425 0.055 -92 -5
-2.0425 0.062 -108 -5
-2.0425 0.070 -134 -7
-2.0425 0.077 -139 -8
-2.0425 0.083 -152 -9
-2.0425 0.092 -161 -11
-2.0425 0.099 -166 -11
-2.0425 0.106 -175 -13
-2.0425 0.113 -182 -14
-2.0425 0.120 -184 -16
-2.0425 0.128 -188 -17
-2.0425 0.134 -191 -19
-2.0425 0.142 -197 -21
-2.0425 0.153 -201 -23
-2.0425 0.161 -202 -24
-2.0425 0.169 -203 -25
-2.0425 0.175 -204 -27
-2.0425 0.182 -206 -28
-2.0425 0.189 -207 -30
-2.0425 0.198 -206 -31
-2.0425 0.205 -205 -33
-2.0425 0.212 -207 -35
-2.0425 0.219 -207 -36
-2.0425 0.225 -210 -37
-2.0425 0.233 -208 -39
-2.0425 0.240 -208 -40
-2.0425 0.249 -208 -42
-2.0425 0.255 -208 -43
-2.0425 0.262 -210 -45
-2.0425 0.269 -209 -46
-2.0425 0.276 -209 -48
-2.0425 0.283 -209 -49
-2.0425 0.290 -211 -51
-2.0425 0.299 -212 -53
-2.0425 0.305 -211 -54
-2.0425 0.313 -210 -55
-2.0425 0.320 -211 -57
-2.0425 0.327 -211 -59
-2.0425 0.333 -213 -60
-2.0425 0.341 -213 -62
-2.0425 0.349 -212 -63
-2.0425 0.356 -212 -65
-2.0425 0.363 -214 -66
-2.0425 0.370 -214 -68
-2.0425 0.378 -213 -69
-2.0425 0.384 -212 -71
-2.0425 0.391 -212 -73
-2.0425 0.399 -212 -74
-2.0425 0.406 -212 -75
-2.0425 0.413 -209 -77
-2.0425 0.420 -208 -79
-2.0425 0.428 -208 -80
-2.0425 0.434 -209 -81
-2.0425 0.442 -209 -83
-2.0425 0.450 -209 -84
-2.0425 0.456 -208 -86
-2.0425 0.463 -211 -87
-2.0425 0.471 -213 -89
-2.0425 0.478 -214 -90
-2.0425 0.484 -214 -92
-2.0425 0.492 -213 -94
-2.0425 0.500 -215 -95
-2.0425 0.507 -214 -97
-2.0425 0.514 -214 -98
-2.0425 0.521 -213 -100
-2.0425 0.528 -212 -101
-2.0425 0.535 -212 -103
-2.0425 0.542 -212 -105
-2.0425 0.554 -211 -107
-2.0425 0.562 -209 -109
-2.0425 0.569 -209 -110
-2.0425 0.576 -208 -111
-2.0425 0.583 -209 -113
-2.0425 0.594 -209 -115
-2.0425 0.602 -211 -119
-2.0425 0.620 -211 -121
-2.0425 0.631 -211 -123
-2.0425 0.638 -211 -124
-2.0425 0.645 -212 -126
-2.0425 0.653 -213 -127
-2.0425 0.660 -212 -131
-2.0425 0.678 -212 -133
-2.0425 0.686 -213 -135
-2.0425 0.694 -212 -137
-2.0425 0.703 -212 -139
-2.0425 0.712 -213 -140
-2.0425 0.720 -213 -143
-2.0425 0.729 -213 -144
-2.0425 0.736 -211 -147
-2.0425 0.753 -209 -149
-2.0425 0.763 -208 -151
-2.0425 0.771 -207 -153
-2.0425 0.779 -208 -154
-2.0425 0.786 -209 -156
-2.0425 0.793 -211 -157
-2.0425 0.801 -212 -159
-2.0425 0.809 -212 -161
-2.0425 0.816 -214 -162
-2.0425 0.823 -214 -163
-2.0425 0.830 -215 -166
-2.0425 0.843 -212 -168
-2.0425 0.850 -213 -171
-2.0425 0.867 -212 -173
-2.0425 0.874 -211 -175
-2.0425 0.882 -209 -176
-2.0425 0.889 -209 -177
-2.0425 0.896 -209 -179
-2.0425 0.903 -208 -181
-2.0425 0.912 -207 -183
-2.0425 0.919 -207 -184
-2.0425 0.926 -209 -185
-2.0425 0.933 -212 -187
-2.0425 0.940 -213 -190
-2.0425 0.955 -213 -192
-2.0425 0.963 -214 -193
-2.0425 0.971 -215 -195
-2.0425 0.979 -213 -197
-2.0425 0.985 -210 -198
-2.0425 0.994 -211 -200
-2.0425 1.001 -209 -201
