8.17 0.004 0 0
8.17 0.013 2 1
8.17 0.020 18 2
8.17 0.027 39 4
8.17 0.035 34 6
8.17 0.043 263 9
8.17 0.049 356 12
8.17 0.056 392 15
8.17 0.063 462 18
8.17 0.070 505 23
8.17 0.077 583 27
8.17 0.084 607 34
8.17 0.093 662 38
8.17 0.099 695 42
8.17 0.106 708 48
8.17 0.113 742 53
8.17 0.120 770 59
8.17 0.127 787 64
8.17 0.134 799 72
8.17 0.143 813 77
8.17 0.149 833 82
8.17 0.156 841 89
8.17 0.163 854 94
8.17 0.170 866 102
8.17 0.177 877 107
8.17 0.184 874 116
8.17 0.193 886 121
8.17 0.199 905 135
8.17 0.215 906 143
8.17 0.223 907 152
8.17 0.235 917 161
8.17 0.245 923 170
8.17 0.253 921 176
8.17 0.260 924 185
8.17 0.269 925 191
8.17 0.277 931 198
8.17 0.289 937 211
8.17 0.298 934 219
8.17 0.305 937 226
8.17 0.313 936 234
8.17 0.323 935 241
8.17 0.329 942 247
8.17 0.336 940 258
8.17 0.347 939 264
8.17 0.354 938 272
8.17 0.362 944 279
8.17 0.370 942 286
8.17 0.377 947 292
8.17 0.384 939 302
8.17 0.394 941 307
8.17 0.401 942 319
8.17 0.412 949 328
8.17 0.422 948 336
8.17 0.429 953 345
8.17 0.439 948 353
8.17 0.447 943 360
8.17 0.455 946 368
8.17 0.463 948 378
8.17 0.474 943 383
8.17 0.481 949 393
8.17 0.490 942 400
8.17 0.498 947 408
8.17 0.505 948 416
8.17 0.515 946 423
8.17 0.522 942 429
8.17 0.533 951 440
8.17 0.539 953 448
8.17 0.547 945 455
8.17 0.555 946 463
8.17 0.564 950 470
8.17 0.572 955 476
8.17 0.580 950 486
8.17 0.587 953 493
8.17 0.596 943 504
8.17 0.608 947 512
8.17 0.616 945 533
8.17 0.637 953 541
8.17 0.646 945 550
8.17 0.656 948 560
8.17 0.665 951 567
8.17 0.673 946 577
8.17 0.684 946 590
8.17 0.698 945 598
8.17 0.706 950 607
8.17 0.716 949 615
8.17 0.723 948 624
8.17 0.735 949 632
8.17 0.742 946 639
8.17 0.751 945 647
8.17 0.758 952 654
8.17 0.767 948 662
8.17 0.774 943 674
8.17 0.785 950 681
8.17 0.793 953 687
8.17 0.801 947 698
8.17 0.812 949 704
8.17 0.819 953 712
8.17 0.830 947 723
8.17 0.837 944 728
8.17 0.844 943 752
8.17 0.867 949 759
8.17 0.876 947 766
8.17 0.884 949 778
8.17 0.895 953 786
8.17 0.906 950 795
8.17 0.914 952 804
8.17 0.923 947 812
8.17 0.932 947 818
8.17 0.942 946 827
8.17 0.952 946 837
8.17 0.958 951 850
8.17 0.972 948 858
8.17 0.981 941 865
8.17 0.987 946 875
8.17 0.997 951 882
8.17 1.005 952 890
