0.0 0.001 0 0
0.0 0.008 0 0
0.0 0.016 0 0
0.0 0.022 0 0
0.0 0.029 0 0
0.0 0.036 0 0
0.0 0.042 0 0
0.0 0.050 0 0
0.0 0.057 0 0
0.0 0.065 0 0
0.0 0.071 0 0
0.0 0.078 0 0
0.0 0.086 0 0
0.0 0.092 0 0
0.0 0.100 0 0
0.0 0.107 0 0
0.0 0.113 0 0
0.0 0.120 0 0
0.0 0.127 0 0
0.0 0.134 0 0
0.0 0.140 0 0
0.0 0.148 0 0
0.0 0.156 0 0
0.0 0.162 0 0
0.0 0.168 0 0
0.0 0.176 0 0
0.0 0.186 0 0
0.0 0.193 0 0
0.0 0.201 0 0
0.0 0.208 0 0
0.0 0.215 0 0
0.0 0.221 0 0
0.0 0.228 0 0
0.0 0.235 0 0
0.0 0.242 0 0
0.0 0.249 0 0
0.0 0.257 0 0
0.0 0.263 0 0
0.0 0.270 0 0
0.0 0.277 0 0
0.0 0.284 0 0
0.0 0.290 0 0
0.0 0.297 0 0
0.0 0.306 0 0
0.0 0.312 0 0
0.0 0.319 0 0
0.0 0.326 0 0
0.0 0.332 0 0
0.0 0.339 0 0
0.0 0.346 0 0
0.0 0.354 0 0
0.0 0.360 0 0
0.0 0.368 0 0
0.0 0.375 0 0
0.0 0.381 0 0
0.0 0.388 0 0
0.0 0.395 0 0
0.0 0.402 0 0
0.0 0.409 0 0
0.0 0.416 0 0
0.0 0.423 0 0
0.0 0.430 0 0
0.0 0.437 0 0
0.0 0.443 0 0
0.0 0.450 0 0
0.0 0.458 0 0
0.0 0.465 0 0
0.0 0.471 0 0
0.0 0.478 0 0
0.0 0.486 0 0
0.0 0.492 0 0
0.0 0.499 0 0
0.0 0.507 0 0
0.0 0.513 0 0
0.0 0.520 0 0
0.0 0.527 0 0
0.0 0.534 0 0
0.0 0.540 0 0
0.0 0.548 0 0
0.0 0.555 0 0
0.0 0.562 0 0
0.0 0.568 0 0
0.0 0.576 0 0
0.0 0.586 0 0
0.0 0.593 0 0
0.0 0.600 0 0
0.0 0.608 0 0
0.0 0.615 0 0
0.0 0.621 0 0
0.0 0.628 0 0
0.0 0.636 0 0
0.0 0.642 0 0
0.0 0.649 0 0
0.0 0.657 0 0
0.0 0.664 0 0
0.0 0.670 0 0
0.0 0.677 0 0
0.0 0.684 0 0
0.0 0.690 0 0
0.0 0.698 0 0
0.0 0.705 0 0
0.0 0.712 0 0
0.0 0.719 0 0
0.0 0.726 0 0
0.0 0.732 0 0
0.0 0.739 0 0
0.0 0.746 0 0
0.0 0.753 0 0
0.0 0.760 0 0
0.0 0.767 0 0
0.0 0.775 0 0
0.0 0.781 0 0
0.0 0.788 0 0
0.0 0.795 0 0
0.0 0.801 0 0
0.0 0.809 0 0
0.0 0.816 0 0
0.0 0.823 0 0
0.0 0.830 0 0
0.0 0.837 0 0
0.0 0.843 0 0
0.0 0.850 0 0
0.0 0.857 0 0
0.0 0.865 0 0
0.0 0.871 0 0
0.0 0.878 0 0
0.0 0.897 0 0
0.0 0.905 0 0
0.0 0.921 0 0
0.0 0.928 0 0
0.0 0.936 0 0
0.0 0.947 0 0
0.0 0.959 0 0
0.0 0.968 0 0
0.0 0.979 0 0
0.0 0.992 0 0
0.0 0.999 0 0
0.0 1.008 0 0
