6.1275 0.001 0 0
6.1275 0.009 0 0
6.1275 0.016 9 1
6.1275 0.022 9 2
6.1275 0.029 199 4
6.1275 0.038 221 6
6.1275 0.045 270 9
6.1275 0.051 325 12
6.1275 0.059 368 14
6.1275 0.066 401 17
6.1275 0.072 428 21
6.1275 0.080 473 25
6.1275 0.088 490 28
6.1275 0.095 508 32
6.1275 0.102 538 37
6.1275 0.109 558 40
6.1275 0.116 574 44
6.1275 0.123 585 48
6.1275 0.130 598 54
6.1275 0.138 609 57
6.1275 0.145 612 62
6.1275 0.152 622 67
6.1275 0.159 628 71
6.1275 0.167 640 76
6.1275 0.174 655 82
6.1275 0.181 661 87
6.1275 0.189 662 91
6.1275 0.196 661 95
6.1275 0.203 659 100
6.1275 0.210 665 106
6.1275 0.217 672 110
6.1275 0.224 675 115
6.1275 0.231 677 120
6.1275 0.239 678 125
6.1275 0.246 678 130
6.1275 0.253 681 137
6.1275 0.265 683 142
6.1275 0.271 690 148
6.1275 0.279 688 152
6.1275 0.287 692 158
6.1275 0.294 690 163
6.1275 0.301 685 167
6.1275 0.308 692 173
6.1275 0.316 692 177
6.1275 0.322 694 182
6.1275 0.329 697 188
6.1275 0.337 691 192
6.1275 0.345 687 198
6.1275 0.351 694 203
6.1275 0.359 697 208
6.1275 0.366 694 212
6.1275 0.373 691 217
6.1275 0.380 692 223
6.1275 0.387 699 227
6.1275 0.395 696 232
6.1275 0.402 695 238
6.1275 0.409 693 242
6.1275 0.416 698 246
6.1275 0.423 697 252
6.1275 0.430 696 258
6.1275 0.437 692 263
6.1275 0.446 692 267
6.1275 0.452 694 273
6.1275 0.459 696 277
6.1275 0.467 699 283
6.1275 0.473 694 287
6.1275 0.480 697 292
6.1275 0.487 696 298
6.1275 0.496 695 302
6.1275 0.502 694 308
6.1275 0.509 691 314
6.1275 0.517 698 318
6.1275 0.524 699 323
6.1275 0.531 698 327
6.1275 0.538 693 333
6.1275 0.546 692 338
6.1275 0.553 692 342
6.1275 0.560 694 348
6.1275 0.567 699 352
6.1275 0.574 701 358
6.1275 0.581 695 362
6.1275 0.589 693 369
6.1275 0.597 697 373
6.1275 0.603 699 378
6.1275 0.610 702 383
6.1275 0.617 698 387
6.1275 0.625 696 393
6.1275 0.632 695 398
6.1275 0.639 693 414
6.1275 0.662 694 419
6.1275 0.669 694 425
6.1275 0.677 695 429
6.1275 0.685 697 434
6.1275 0.691 699 440
6.1275 0.700 698 446
6.1275 0.707 702 450
6.1275 0.714 691 456
6.1275 0.723 696 461
6.1275 0.730 697 467
6.1275 0.737 699 472
6.1275 0.745 693 478
6.1275 0.753 693 482
6.1275 0.760 698 488
6.1275 0.767 699 492
6.1275 0.774 697 498
6.1275 0.781 699 503
6.1275 0.789 692 507
6.1275 0.796 694 513
6.1275 0.803 697 517
6.1275 0.811 704 522
6.1275 0.818 696 527
6.1275 0.825 699 532
6.1275 0.831 696 538
6.1275 0.839 698 542
6.1275 0.846 698 548
6.1275 0.854 690 553
6.1275 0.861 692 557
6.1275 0.868 694 563
6.1275 0.876 702 567
6.1275 0.882 701 573
6.1275 0.889 699 577
6.1275 0.896 695 582
6.1275 0.904 698 588
6.1275 0.911 694 592
6.1275 0.918 692 598
6.1275 0.926 693 602
6.1275 0.932 696 608
6.1275 0.939 698 613
6.1275 0.947 699 619
6.1275 0.955 696 623
6.1275 0.962 697 628
6.1275 0.969 695 633
6.1275 0.976 698 637
6.1275 0.983 696 642
6.1275 0.990 692 648
6.1275 0.997 695 654
6.1275 1.006 698 658
