4.085 0.001 0 0
4.085 0.008 0 0
4.085 0.015 8 1
4.085 0.022 21 2
4.085 0.029 14 3
4.085 0.036 113 5
4.085 0.044 177 6
4.085 0.051 193 8
4.085 0.059 236 10
4.085 0.065 267 12
4.085 0.072 291 14
4.085 0.079 305 16
4.085 0.086 324 19
4.085 0.094 340 22
4.085 0.101 357 25
4.085 0.109 368 28
4.085 0.115 380 30
4.085 0.123 394 33
4.085 0.130 399 36
4.085 0.136 414 42
4.085 0.153 420 46
4.085 0.161 424 52
4.085 0.173 428 55
4.085 0.182 429 59
4.085 0.190 435 63
4.085 0.199 437 66
4.085 0.209 442 70
4.085 0.215 442 73
4.085 0.222 450 78
4.085 0.236 450 83
4.085 0.243 450 87
4.085 0.254 447 91
4.085 0.261 448 94
4.085 0.268 443 98
4.085 0.278 451 101
4.085 0.284 450 104
4.085 0.291 459 109
4.085 0.301 456 112
4.085 0.309 457 116
4.085 0.318 450 119
4.085 0.325 453 122
4.085 0.332 452 127
4.085 0.342 455 132
4.085 0.354 451 137
4.085 0.363 457 141
4.085 0.371 452 144
4.085 0.378 456 149
4.085 0.390 460 153
4.085 0.399 454 156
4.085 0.406 456 161
4.085 0.415 450 164
4.085 0.423 453 167
4.085 0.430 450 172
4.085 0.439 454 174
4.085 0.446 457 178
4.085 0.458 462 183
4.085 0.465 458 186
4.085 0.472 457 191
4.085 0.481 455 194
4.085 0.488 454 197
4.085 0.497 452 201
4.085 0.505 454 204
4.085 0.514 455 211
4.085 0.527 456 214
4.085 0.533 459 220
4.085 0.546 460 225
4.085 0.556 461 228
4.085 0.563 452 233
4.085 0.573 452 238
4.085 0.583 449 240
4.085 0.590 454 244
4.085 0.598 455 249
4.085 0.609 460 253
4.085 0.618 461 256
4.085 0.625 460 259
4.085 0.635 458 267
4.085 0.648 452 270
4.085 0.655 454 273
4.085 0.663 451 278
4.085 0.684 453 287
4.085 0.692 456 290
4.085 0.699 460 296
4.085 0.711 460 298
4.085 0.718 456 301
4.085 0.725 454 307
4.085 0.738 452 310
4.085 0.749 450 316
4.085 0.757 454 320
4.085 0.764 458 323
4.085 0.772 462 328
4.085 0.783 460 332
4.085 0.790 456 336
4.085 0.799 453 339
4.085 0.808 453 349
4.085 0.829 450 354
4.085 0.839 454 358
4.085 0.849 457 362
4.085 0.855 461 366
4.085 0.866 458 371
4.085 0.876 454 374
4.085 0.883 456 378
4.085 0.891 451 382
4.085 0.900 453 387
4.085 0.911 451 392
4.085 0.921 461 396
4.085 0.931 462 400
4.085 0.941 457 404
4.085 0.949 458 408
4.085 0.959 454 412
4.085 0.966 456 415
4.085 0.973 453 419
4.085 0.982 457 422
4.085 0.989 455 427
4.085 0.999 456 430
4.085 1.005 456 434
