2.0425 0.001 0 0
2.0425 0.015 0 0
2.0425 0.022 3 1
2.0425 0.032 21 1
2.0425 0.039 79 2
2.0425 0.047 99 4
2.0425 0.057 94 4
2.0425 0.063 120 5
2.0425 0.072 143 7
2.0425 0.080 151 8
2.0425 0.088 176 11
2.0425 0.103 179 12
2.0425 0.111 183 14
2.0425 0.120 189 16
2.0425 0.129 195 18
2.0425 0.137 197 19
2.0425 0.146 197 21
2.0425 0.153 199 22
2.0425 0.160 200 24
2.0425 0.167 203 25
2.0425 0.174 204 26
2.0425 0.181 206 28
2.0425 0.188 206 29
2.0425 0.196 207 31
2.0425 0.203 210 33
2.0425 0.216 211 35
2.0425 0.222 210 36
2.0425 0.229 209 38
2.0425 0.237 211 40
2.0425 0.243 213 41
2.0425 0.251 213 42
2.0425 0.259 212 44
2.0425 0.266 213 46
2.0425 0.272 213 47
2.0425 0.279 216 49
2.0425 0.287 217 50
2.0425 0.293 217 52
2.0425 0.301 216 53
2.0425 0.309 216 55
2.0425 0.316 216 56
2.0425 0.322 214 58
2.0425 0.330 214 60
2.0425 0.337 214 61
2.0425 0.343 214 62
2.0425 0.352 215 64
2.0425 0.359 212 66
2.0425 0.366 212 67
2.0425 0.373 213 69
2.0425 0.380 211 70
2.0425 0.387 214 72
2.0425 0.394 212 73
2.0425 0.401 211 75
2.0425 0.409 214 76
2.0425 0.417 215 78
2.0425 0.423 218 80
2.0425 0.430 217 81
2.0425 0.437 217 82
2.0425 0.444 218 84
2.0425 0.451 216 86
2.0425 0.459 218 87
2.0425 0.467 216 89
2.0425 0.473 215 90
2.0425 0.480 215 92
2.0425 0.488 216 93
2.0425 0.495 214 95
2.0425 0.501 213 97
2.0425 0.510 212 98
2.0425 0.517 212 100
2.0425 0.524 214 101
2.0425 0.531 214 103
2.0425 0.538 214 104
2.0425 0.546 214 106
2.0425 0.552 214 108
2.0425 0.560 215 109
2.0425 0.567 213 110
2.0425 0.574 214 112
2.0425 0.581 214 114
2.0425 0.588 215 115
2.0425 0.596 215 116
2.0425 0.602 215 119
2.0425 0.615 215 121
2.0425 0.621 217 122
2.0425 0.629 218 124
2.0425 0.636 217 125
2.0425 0.643 217 127
2.0425 0.650 214 128
2.0425 0.658 214 130
2.0425 0.666 217 132
2.0425 0.672 214 133
2.0425 0.679 215 135
2.0425 0.687 214 136
2.0425 0.693 212 138
2.0425 0.700 214 139
2.0425 0.708 212 141
2.0425 0.716 210 142
2.0425 0.723 212 144
2.0425 0.730 212 146
2.0425 0.741 214 148
2.0425 0.754 216 151
2.0425 0.762 215 152
2.0425 0.769 218 154
2.0425 0.777 217 156
2.0425 0.784 216 157
2.0425 0.791 216 159
2.0425 0.799 216 160
2.0425 0.806 216 162
2.0425 0.814 214 164
2.0425 0.821 212 165
2.0425 0.828 213 166
2.0425 0.835 214 168
2.0425 0.845 215 170
2.0425 0.851 213 172
2.0425 0.860 211 174
2.0425 0.867 213 175
2.0425 0.874 214 176
2.0425 0.881 214 178
2.0425 0.888 214 180
2.0425 0.896 213 181
2.0425 0.902 213 182
2.0425 0.909 215 184
2.0425 0.918 215 186
2.0425 0.924 215 187
2.0425 0.931 215 189
2.0425 0.938 215 190
2.0425 0.946 217 192
2.0425 0.952 216 193
2.0425 0.960 216 195
2.0425 0.968 217 197
2.0425 0.976 216 198
2.0425 0.982 216 200
2.0425 0.989 215 201
2.0425 0.996 213 203
2.0425 1.003 214 206
