-4.085 0.001 0 0
-4.085 0.008 0 -1
-4.085 0.016 -2 -1
-4.085 0.024 -14 -2
-4.085 0.030 -18 -3
-4.085 0.038 -60 -5
-4.085 0.045 -191 -6
-4.085 0.054 -207 -8
-4.085 0.060 -231 -10
-4.085 0.067 -260 -13
-4.085 0.074 -292 -15
-4.085 0.081 -306 -17
-4.085 0.088 -322 -19
-4.085 0.095 -340 -22
-4.085 0.104 -359 -26
-4.085 0.114 -370 -29
-4.085 0.121 -382 -31
-4.085 0.138 -400 -39
-4.085 0.147 -411 -43
-4.085 0.156 -412 -46
-4.085 0.164 -420 -49
-4.085 0.170 -425 -52
-4.085 0.178 -426 -55
-4.085 0.185 -431 -58
-4.085 0.192 -427 -61
-4.085 0.199 -428 -65
-4.085 0.207 -429 -69
-4.085 0.217 -432 -72
-4.085 0.224 -441 -75
-4.085 0.230 -442 -78
-4.085 0.238 -445 -82
-4.085 0.245 -445 -84
-4.085 0.254 -445 -88
-4.085 0.260 -444 -91
-4.085 0.267 -444 -95
-4.085 0.275 -442 -98
-4.085 0.281 -439 -100
-4.085 0.288 -443 -104
-4.085 0.296 -446 -107
-4.085 0.304 -449 -111
-4.085 0.310 -447 -114
-4.085 0.318 -447 -117
-4.085 0.325 -450 -120
-4.085 0.332 -449 -123
-4.085 0.339 -451 -126
-4.085 0.346 -450 -130
-4.085 0.354 -446 -133
-4.085 0.361 -442 -136
-4.085 0.368 -440 -140
-4.085 0.375 -443 -142
-4.085 0.382 -446 -146
-4.085 0.389 -455 -149
-4.085 0.396 -455 -152
-4.085 0.405 -457 -156
-4.085 0.411 -448 -159
-4.085 0.418 -451 -162
-4.085 0.426 -446 -165
-4.085 0.432 -448 -169
-4.085 0.439 -450 -172
-4.085 0.447 -444 -175
-4.085 0.455 -446 -178
-4.085 0.462 -447 -182
-4.085 0.469 -451 -185
-4.085 0.476 -451 -188
-4.085 0.484 -450 -191
-4.085 0.490 -453 -195
-4.085 0.497 -451 -198
-4.085 0.506 -451 -201
-4.085 0.513 -451 -204
-4.085 0.519 -447 -208
-4.085 0.526 -443 -213
-4.085 0.537 -450 -216
-4.085 0.545 -449 -219
-4.085 0.552 -456 -223
-4.085 0.560 -454 -226
-4.085 0.567 -452 -230
-4.085 0.574 -452 -232
-4.085 0.581 -446 -235
-4.085 0.588 -452 -239
-4.085 0.595 -444 -241
-4.085 0.602 -449 -245
-4.085 0.610 -446 -249
-4.085 0.617 -449 -252
-4.085 0.625 -450 -255
-4.085 0.631 -450 -257
-4.085 0.638 -454 -261
-4.085 0.646 -452 -264
-4.085 0.652 -454 -267
-4.085 0.660 -450 -271
-4.085 0.668 -451 -275
-4.085 0.675 -448 -277
-4.085 0.682 -444 -281
-4.085 0.689 -445 -283
-4.085 0.696 -443 -287
-4.085 0.703 -451 -291
-4.085 0.711 -454 -293
-4.085 0.718 -455 -297
-4.085 0.725 -454 -300
-4.085 0.732 -447 -303
-4.085 0.739 -451 -306
-4.085 0.746 -446 -310
-4.085 0.754 -449 -313
-4.085 0.761 -447 -316
-4.085 0.768 -448 -320
-4.085 0.775 -449 -322
-4.085 0.782 -446 -326
-4.085 0.789 -450 -329
-4.085 0.796 -450 -332
-4.085 0.804 -454 -336
-4.085 0.812 -453 -339
-4.085 0.819 -454 -342
-4.085 0.826 -450 -346
-4.085 0.834 -446 -349
-4.085 0.840 -446 -352
-4.085 0.847 -442 -355
-4.085 0.854 -446 -358
-4.085 0.862 -448 -362
-4.085 0.869 -453 -365
-4.085 0.877 -453 -368
-4.085 0.884 -454 -371
-4.085 0.890 -453 -375
-4.085 0.898 -450 -378
-4.085 0.905 -449 -381
-4.085 0.913 -449 -384
-4.085 0.920 -449 -388
-4.085 0.927 -447 -393
-4.085 0.938 -449 -396
-4.085 0.946 -452 -400
-4.085 0.954 -449 -403
-4.085 0.960 -451 -406
-4.085 0.968 -450 -410
-4.085 0.975 -452 -412
-4.085 0.982 -451 -416
-4.085 0.989 -451 -419
-4.085 0.996 -445 -422
-4.085 1.004 -446 -425
