-6.1275 0.001 0 0
-6.1275 0.009 0 0
-6.1275 0.017 -8 -1
-6.1275 0.024 -9 -3
-6.1275 0.031 -145 -5
-6.1275 0.039 -227 -8
-6.1275 0.048 -291 -10
-6.1275 0.054 -333 -12
-6.1275 0.061 -383 -15
-6.1275 0.069 -404 -18
-6.1275 0.075 -436 -22
-6.1275 0.082 -469 -26
-6.1275 0.089 -496 -30
-6.1275 0.098 -513 -33
-6.1275 0.105 -550 -40
-6.1275 0.117 -564 -44
-6.1275 0.123 -572 -48
-6.1275 0.130 -588 -53
-6.1275 0.138 -599 -58
-6.1275 0.146 -607 -62
-6.1275 0.153 -622 -67
-6.1275 0.160 -631 -71
-6.1275 0.167 -632 -76
-6.1275 0.173 -636 -80
-6.1275 0.181 -640 -85
-6.1275 0.188 -646 -90
-6.1275 0.197 -652 -94
-6.1275 0.203 -658 -99
-6.1275 0.210 -663 -105
-6.1275 0.218 -669 -109
-6.1275 0.224 -665 -115
-6.1275 0.235 -660 -126
-6.1275 0.250 -677 -132
-6.1275 0.258 -680 -136
-6.1275 0.266 -679 -141
-6.1275 0.272 -673 -146
-6.1275 0.280 -671 -152
-6.1275 0.287 -676 -156
-6.1275 0.294 -684 -162
-6.1275 0.302 -684 -167
-6.1275 0.309 -676 -171
-6.1275 0.317 -677 -178
-6.1275 0.327 -687 -182
-6.1275 0.333 -684 -187
-6.1275 0.341 -684 -193
-6.1275 0.349 -684 -198
-6.1275 0.357 -680 -202
-6.1275 0.363 -684 -211
-6.1275 0.375 -688 -216
-6.1275 0.382 -687 -220
-6.1275 0.389 -686 -226
-6.1275 0.397 -687 -231
-6.1275 0.404 -682 -235
-6.1275 0.411 -683 -241
-6.1275 0.419 -685 -245
-6.1275 0.426 -685 -250
-6.1275 0.432 -688 -256
-6.1275 0.440 -689 -262
-6.1275 0.447 -689 -266
-6.1275 0.456 -685 -271
-6.1275 0.462 -686 -276
-6.1275 0.469 -684 -280
-6.1275 0.477 -683 -285
-6.1275 0.483 -683 -290
-6.1275 0.491 -690 -296
-6.1275 0.498 -692 -302
-6.1275 0.506 -690 -310
-6.1275 0.518 -683 -314
-6.1275 0.524 -686 -319
-6.1275 0.532 -692 -324
-6.1275 0.539 -693 -329
-6.1275 0.547 -688 -334
-6.1275 0.554 -684 -338
-6.1275 0.561 -685 -344
-6.1275 0.569 -686 -348
-6.1275 0.576 -686 -354
-6.1275 0.583 -685 -359
-6.1275 0.590 -684 -363
-6.1275 0.597 -686 -369
-6.1275 0.605 -684 -374
-6.1275 0.612 -689 -378
-6.1275 0.619 -690 -384
-6.1275 0.627 -686 -388
-6.1275 0.633 -690 -394
-6.1275 0.640 -688 -399
-6.1275 0.648 -688 -403
-6.1275 0.656 -686 -408
-6.1275 0.662 -688 -414
-6.1275 0.669 -687 -418
-6.1275 0.677 -685 -424
-6.1275 0.683 -684 -428
-6.1275 0.691 -684 -440
-6.1275 0.708 -689 -447
-6.1275 0.717 -686 -454
-6.1275 0.731 -687 -462
-6.1275 0.741 -687 -469
-6.1275 0.750 -687 -474
-6.1275 0.759 -687 -481
-6.1275 0.767 -691 -490
-6.1275 0.783 -688 -496
-6.1275 0.791 -683 -502
-6.1275 0.798 -685 -506
-6.1275 0.807 -691 -514
-6.1275 0.817 -692 -518
-6.1275 0.823 -690 -524
-6.1275 0.832 -681 -531
-6.1275 0.840 -682 -536
-6.1275 0.847 -687 -542
-6.1275 0.857 -690 -548
-6.1275 0.864 -688 -552
-6.1275 0.873 -688 -558
-6.1275 0.881 -687 -564
-6.1275 0.888 -686 -570
-6.1275 0.897 -689 -575
-6.1275 0.903 -686 -582
-6.1275 0.917 -692 -589
-6.1275 0.926 -693 -594
-6.1275 0.933 -688 -600
-6.1275 0.940 -682 -605
-6.1275 0.949 -686 -611
-6.1275 0.958 -695 -618
-6.1275 0.967 -687 -623
-6.1275 0.973 -685 -627
-6.1275 0.983 -688 -634
-6.1275 0.991 -687 -640
-6.1275 0.998 -690 -646
-6.1275 1.007 -682 -651
